% Model:              comsol_verification_thermal_pmsm.mph
% Version:            COMSOL 6.4.0.378
% Date:               Aug 8 2026, 01:03
% Dimension:          2
% Nodes:              81
% Expressions:        1
% Description:        Temperature
% Length unit:        m
% X                       Y                        T (K)
-0.04                     -0.04                    303.32719804686474
-0.03                     -0.04                    303.37190561936524
-0.02                     -0.04                    303.37747524515567
-0.010000000000000002     -0.04                    303.35345842122473
0                         -0.04                    303.34636329515956
0.010000000000000002      -0.04                    303.3534291963383
0.019999999999999997      -0.04                    303.3774169490512
0.030000000000000006      -0.04                    303.37187841835254
0.04                      -0.04                    303.3271814332733
-0.04                     -0.03                    303.3329345345842
-0.03                     -0.03                    303.35403219134696
-0.02                     -0.03                    303.36331212829634
-0.010000000000000002     -0.03                    303.3561403489687
0                         -0.03                    303.35607887487015
0.010000000000000002      -0.03                    303.3561387187956
0.019999999999999997      -0.03                    303.3632715052733
0.030000000000000006      -0.03                    303.3539883401719
0.04                      -0.03                    303.3328933898688
-0.04                     -0.02                    303.3409548428715
-0.03                     -0.02                    303.3494496191641
-0.02                     -0.02                    303.35612148254677
-0.010000000000000002     -0.02                    303.3561282768097
0                         -0.02                    303.3561173579527
0.010000000000000002      -0.02                    303.3561270822792
0.019999999999999997      -0.02                    303.35611951886295
0.030000000000000006      -0.02                    303.34939033091524
0.04                      -0.02                    303.3408963111772
-0.04                     -0.010000000000000002    303.35579708964434
-0.03                     -0.010000000000000002    303.3561014252394
-0.02                     -0.010000000000000002    303.3561155886024
-0.010000000000000002     -0.010000000000000002    303.35612214561536
0                         -0.010000000000000002    303.35612193126707
0.010000000000000002      -0.010000000000000002    303.35612143857026
0.019999999999999997      -0.010000000000000002    303.3561137478016
0.030000000000000006      -0.010000000000000002    303.35609869293455
0.04                      -0.010000000000000002    303.35572225842105
-0.04                     0                        303.3681119247318
-0.03                     0                        303.3561659038068
-0.02                     0                        303.3561267954697
-0.010000000000000002     0                        303.3561226048697
0                         0                        303.3561223214399
0.010000000000000002      0                        303.35612203985664
0.019999999999999997      0                        303.3561247074323
0.030000000000000006      0                        303.3561619676455
0.04                      0                        303.36800815611565
-0.04                     0.010000000000000002     303.35584702662123
-0.03                     0.010000000000000002     303.3561039069304
-0.02                     0.010000000000000002     303.35611751629204
-0.010000000000000002     0.010000000000000002     303.3561233019074
0                         0.010000000000000002     303.35612270795707
0.010000000000000002      0.010000000000000002     303.3561224467594
0.019999999999999997      0.010000000000000002     303.35611499471327
0.030000000000000006      0.010000000000000002     303.3560997412249
0.04                      0.010000000000000002     303.355758451644
-0.04                     0.019999999999999997     303.3410306055112
-0.03                     0.019999999999999997     303.34953796032664
-0.02                     0.019999999999999997     303.3561252210656
-0.010000000000000002     0.019999999999999997     303.35613140168437
0                         0.019999999999999997     303.3561203113023
0.010000000000000002      0.019999999999999997     303.3561301228073
0.019999999999999997      0.019999999999999997     303.35612242675444
0.030000000000000006      0.019999999999999997     303.3494535697187
0.04                      0.019999999999999997     303.3409460261719
-0.04                     0.030000000000000006     303.33303386558674
-0.03                     0.030000000000000006     303.35413514928473
-0.02                     0.030000000000000006     303.36341298142975
-0.010000000000000002     0.030000000000000006     303.3561453639786
0                         0.030000000000000006     303.3560838378668
0.010000000000000002      0.030000000000000006     303.35614386965017
0.019999999999999997      0.030000000000000006     303.36334667516894
0.030000000000000006      0.030000000000000006     303.35405577366436
0.04                      0.030000000000000006     303.3329602122358
-0.04                     0.04                     303.327341427951
-0.03                     0.04                     303.3720210551181
-0.02                     0.04                     303.3775965213901
-0.010000000000000002     0.04                     303.35359542243197
0                         0.04                     303.3464969249434
0.010000000000000002      0.04                     303.35355142384134
0.019999999999999997      0.04                     303.37750429560475
0.030000000000000006      0.04                     303.37196018323243
0.04                      0.04                     303.32724124401284
