% Model:              comsol_nonlinear-iron.mph
% Version:            COMSOL 6.4.0.378
% Date:               Jul 28 2026, 15:24
% Dimension:          2
% Nodes:              289
% Expressions:        1
% Description:        Magnetic vector potential, z-component
% Length unit:        m
% x                       y                        mf.Az (Wb/m)
-0.007                    -0.007                   3.3524499112052814E-5
-0.0022000000000000006    -0.007                   4.1622470766657376E-5
0.002599999999999999      -0.007                   5.2055263187372384E-5
0.0073999999999999995     -0.007                   6.413933939438184E-5
0.012199999999999999      -0.007                   7.728629261053993E-5
0.016999999999999998      -0.007                   9.16299703247553E-5
0.0218                    -0.007                   1.075303333443364E-4
0.0266                    -0.007                   1.2542778141854774E-4
0.0314                    -0.007                   1.458647670473979E-4
0.036199999999999996      -0.007                   1.6956937389223166E-4
0.040999999999999995      -0.007                   1.9752463834009622E-4
0.045799999999999993      -0.007                   2.3110333027725227E-4
0.0506                    -0.007                   2.7209555285291766E-4
0.0554                    -0.007                   3.2143223861757657E-4
0.0602                    -0.007                   3.7260777882167713E-4
0.06499999999999999       -0.007                   4.0253438513092473E-4
0.06979999999999999       -0.007                   3.995217546202657E-4
-0.007                    -0.0022000000000000006   3.0250114916329728E-5
-0.0022000000000000006    -0.0022000000000000006   3.778330411677936E-5
0.002599999999999999      -0.0022000000000000006   5.0701784844543307E-5
0.0073999999999999995     -0.0022000000000000006   6.45425316087274E-5
0.012199999999999999      -0.0022000000000000006   7.853118292383069E-5
0.016999999999999998      -0.0022000000000000006   9.348339295016926E-5
0.0218                    -0.0022000000000000006   1.0996701700747285E-4
0.0266                    -0.0022000000000000006   1.28527988483359E-4
0.0314                    -0.0022000000000000006   1.4981441248798259E-4
0.036199999999999996      -0.0022000000000000006   1.747299670327486E-4
0.040999999999999995      -0.0022000000000000006   2.0460551888470445E-4
0.045799999999999993      -0.0022000000000000006   2.4162506460309032E-4
0.0506                    -0.0022000000000000006   2.8985065355429355E-4
0.0554                    -0.0022000000000000006   3.584600206839568E-4
0.0602                    -0.0022000000000000006   4.6155467786557376E-4
0.06499999999999999       -0.0022000000000000006   5.150574265920921E-4
0.06979999999999999       -0.0022000000000000006   4.981266499445022E-4
-0.007                    0.002599999999999999     2.5197447576356622E-5
-0.0022000000000000006    0.002599999999999999     2.8951044850985726E-5
0.002599999999999999      0.002599999999999999     1.6896009509508188E-4
0.0073999999999999995     0.002599999999999999     4.3024962749084564E-4
0.012199999999999999      0.002599999999999999     7.127955073879758E-4
0.016999999999999998      0.002599999999999999     0.0010167152712487414
0.0218                    0.002599999999999999     0.001276572078703237
0.0266                    0.002599999999999999     0.0014529007010959316
0.0314                    0.002599999999999999     0.0015456291755048743
0.036199999999999996      0.002599999999999999     0.0015713461257375017
0.040999999999999995      0.002599999999999999     0.001536768243534876
0.045799999999999993      0.002599999999999999     0.001433396358633975
0.0506                    0.002599999999999999     0.0012389107543143763
0.0554                    0.002599999999999999     9.598415102202462E-4
0.0602                    0.002599999999999999     7.008860226039695E-4
0.06499999999999999       0.002599999999999999     6.885108247081923E-4
0.06979999999999999       0.002599999999999999     6.272482618691097E-4
-0.007                    0.0073999999999999995    1.9827381715253622E-5
-0.0022000000000000006    0.0073999999999999995    2.1588775852161665E-5
0.002599999999999999      0.0073999999999999995    3.8201734069347166E-4
0.0073999999999999995     0.0073999999999999995    0.0010849414898081722
0.012199999999999999      0.0073999999999999995    0.0019115982072945977
0.016999999999999998      0.0073999999999999995    0.002805101527500899
0.0218                    0.0073999999999999995    0.0035446169793753235
0.0266                    0.0073999999999999995    0.003994692464485498
0.0314                    0.0073999999999999995    0.004192841543246733
0.036199999999999996      0.0073999999999999995    0.004211939842882262
0.040999999999999995      0.0073999999999999995    0.004073170660734122
0.045799999999999993      0.0073999999999999995    0.003740314384095633
0.0506                    0.0073999999999999995    0.0031292057861928265
0.0554                    0.0073999999999999995    0.0021665046856780834
0.0602                    0.0073999999999999995    9.865923136830705E-4
0.06499999999999999       0.0073999999999999995    9.241149876676758E-4
0.06979999999999999       0.0073999999999999995    7.840346178232995E-4
-0.007                    0.012199999999999999     1.4969707600202907E-5
-0.0022000000000000006    0.012199999999999999     1.598735672606364E-5
0.002599999999999999      0.012199999999999999     5.52295595250626E-4
0.0073999999999999995     0.012199999999999999     0.0016697973417006615
0.012199999999999999      0.012199999999999999     0.0031306184222615126
0.016999999999999998      0.012199999999999999     0.004853927225489613
0.0218                    0.012199999999999999     0.006181524275833901
0.0266                    0.012199999999999999     0.0068077797894549995
0.0314                    0.012199999999999999     0.0070235866352456044
0.036199999999999996      0.012199999999999999     0.007015693596103712
0.040999999999999995      0.012199999999999999     0.006818814914835329
0.045799999999999993      0.012199999999999999     0.006363427093485759
0.0506                    0.012199999999999999     0.0054729261843402535
0.0554                    0.012199999999999999     0.0038508765647343336
0.0602                    0.012199999999999999     0.0014040076043984658
0.06499999999999999       0.012199999999999999     0.0012405625606708155
0.06979999999999999       0.012199999999999999     9.510241984837334E-4
-0.007                    0.016999999999999998     1.0613748831013858E-5
-0.0022000000000000006    0.016999999999999998     1.1266677665357413E-5
0.002599999999999999      0.016999999999999998     6.254058015357134E-4
0.0073999999999999995     0.016999999999999998     0.0019942643964830074
0.012199999999999999      0.016999999999999998     0.004095678220503984
0.016999999999999998      0.016999999999999998     0.007218368587500563
0.0218                    0.016999999999999998     0.009428039031091446
0.0266                    0.016999999999999998     0.009907645839818909
0.0314                    0.016999999999999998     0.010012544703882532
0.036199999999999996      0.016999999999999998     0.009967117863866073
0.040999999999999995      0.016999999999999998     0.009777150876350203
0.045799999999999993      0.016999999999999998     0.009347284675595771
0.0506                    0.016999999999999998     0.008443705700853923
0.0554                    0.016999999999999998     0.006490581582819564
0.0602                    0.016999999999999998     0.002253137618597431
0.06499999999999999       0.016999999999999998     0.0016485021441182775
0.06979999999999999       0.016999999999999998     0.001061390212473461
-0.007                    0.0218                   6.573781716964993E-6
-0.0022000000000000006    0.0218                   6.9740634628102765E-6
0.002599999999999999      0.0218                   5.265507294025728E-4
0.0073999999999999995     0.0218                   0.001742752037392535
0.012199999999999999      0.0218                   0.003852065817694246
0.016999999999999998      0.0218                   0.007477330990613164
0.0218                    0.0218                   0.009813432256523893
0.0266                    0.0218                   0.009804408446941835
0.0314                    0.0218                   0.009774713508112966
0.036199999999999996      0.0218                   0.00970676457324563
0.040999999999999995      0.0218                   0.009560136886064238
0.045799999999999993      0.0218                   0.009246497243504813
0.0506                    0.0218                   0.00857552819367244
0.0554                    0.0218                   0.00710492702520773
0.0602                    0.0218                   0.003924980550557516
0.06499999999999999       0.0218                   0.0017503517062289575
0.06979999999999999       0.0218                   9.453341206158431E-4
-0.007                    0.0266                   2.7010697547257544E-6
-0.0022000000000000006    0.0266                   2.8676985969314653E-6
0.002599999999999999      0.0266                   2.570290995901074E-4
0.0073999999999999995     0.0266                   8.44456459690412E-4
0.012199999999999999      0.0266                   0.0018891317546027193
0.016999999999999998      0.0266                   0.00337663758904106
0.0218                    0.0266                   0.0040666993664093916
0.0266                    0.0266                   0.004061362711782195
0.0314                    0.0266                   0.004045527614689179
0.036199999999999996      0.0266                   0.004009522110932157
0.040999999999999995      0.0266                   0.003931932724510619
0.045799999999999993      0.0266                   0.003766365334666405
0.0506                    0.0266                   0.003423002408102209
0.0554                    0.0266                   0.002752631639991389
0.0602                    0.0266                   0.0017496972770129535
0.06499999999999999       0.0266                   9.109938824367224E-4
0.06979999999999999       0.0266                   4.75507266131649E-4
-0.007                    0.0314                   -1.1111185991463498E-6
-0.0022000000000000006    0.0314                   -1.1808254618567464E-6
0.002599999999999999      0.0314                   -1.0942359785079034E-4
0.0073999999999999995     0.0314                   -3.5644650202475435E-4
0.012199999999999999      0.0314                   -7.9561977763383E-4
0.016999999999999998      0.0314                   -0.00140064721082653
0.0218                    0.0314                   -0.0016743283988757361
0.0266                    0.0314                   -0.0016720179505301522
0.0314                    0.0314                   -0.0016652301277372496
0.036199999999999996      0.0314                   -0.0016498721098244286
0.040999999999999995      0.0314                   -0.0016161980557547616
0.045799999999999993      0.0314                   -0.0015467834934326152
0.0506                    0.0314                   -0.001400675187675361
0.0554                    0.0314                   -0.0011230629408110254
0.0602                    0.0314                   -7.256187923496092E-4
0.06499999999999999       0.0314                   -3.8706742539959896E-4
0.06979999999999999       0.0314                   -2.0229815905715607E-4
-0.007                    0.036199999999999996     -4.948598664417127E-6
-0.0022000000000000006    0.036199999999999996     -5.251764134286238E-6
0.002599999999999999      0.036199999999999996     -4.332945288996985E-4
0.0073999999999999995     0.036199999999999996     -0.0014338721072575048
0.012199999999999999      0.036199999999999996     -0.003199587628159524
0.016999999999999998      0.036199999999999996     -0.005978615985629344
0.0218                    0.036199999999999996     -0.007417809745176869
0.0266                    0.036199999999999996     -0.007409510044778181
0.0314                    0.036199999999999996     -0.007383878551543352
0.036199999999999996      0.036199999999999996     -0.007325304275624984
0.040999999999999995      0.036199999999999996     -0.007198595525135813
0.045799999999999993      0.036199999999999996     -0.006929612191697113
0.0506                    0.036199999999999996     -0.00635892958594809
0.0554                    0.036199999999999996     -0.005169747479928377
0.0602                    0.036199999999999996     -0.0031087453232425586
0.06499999999999999       0.036199999999999996     -0.001503188109978767
0.06979999999999999       0.036199999999999996     -7.906056930546126E-4
-0.007                    0.040999999999999995     -8.904560498972942E-6
-0.0022000000000000006    0.040999999999999995     -9.445967335927621E-6
0.002599999999999999      0.040999999999999995     -6.076439753002172E-4
0.0073999999999999995     0.040999999999999995     -0.001973647044547256
0.012199999999999999      0.040999999999999995     -0.0042146460402342
0.016999999999999998      0.040999999999999995     -0.008018933812541377
0.0218                    0.040999999999999995     -0.011084526347994462
0.0266                    0.040999999999999995     -0.011272292371324436
0.0314                    0.040999999999999995     -0.011289435222215935
0.036199999999999996      0.040999999999999995     -0.011226511471667327
0.040999999999999995      0.040999999999999995     -0.011058056953446296
0.045799999999999993      0.040999999999999995     -0.010689959952057772
0.0506                    0.040999999999999995     -0.009902164215190827
0.0554                    0.040999999999999995     -0.008128260454224004
0.0602                    0.040999999999999995     -0.0031446767573556174
0.06499999999999999       0.040999999999999995     -0.0017834636819829529
0.06979999999999999       0.040999999999999995     -0.0010525462203222807
-0.007                    0.045799999999999993     -1.3109722562795095E-5
-0.0022000000000000006    0.045799999999999993     -1.3948144356811936E-5
0.002599999999999999      0.045799999999999993     -5.994015845908749E-4
0.0073999999999999995     0.045799999999999993     -0.0018541466202487216
0.012199999999999999      0.045799999999999993     -0.0035984111308303163
0.016999999999999998      0.045799999999999993     -0.005819307228799648
0.0218                    0.045799999999999993     -0.007432549381237011
0.0266                    0.045799999999999993     -0.008064669630398383
0.0314                    0.045799999999999993     -0.008253212710778718
0.036199999999999996      0.045799999999999993     -0.008231864013617259
0.040999999999999995      0.045799999999999993     -0.008030574340651504
0.045799999999999993      0.045799999999999993     -0.007567383843896192
0.0506                    0.045799999999999993     -0.006629474128666579
0.0554                    0.045799999999999993     -0.004788946029274977
0.0602                    0.045799999999999993     -0.0016672286965026147
0.06499999999999999       0.045799999999999993     -0.001403852830548296
0.06979999999999999       0.045799999999999993     -0.0010111866074799742
-0.007                    0.0506                   -1.7734961103186996E-5
-0.0022000000000000006    0.0506                   -1.9106751065980008E-5
0.002599999999999999      0.0506                   -4.604667386966857E-4
0.0073999999999999995     0.0506                   -0.0013414702359746094
0.012199999999999999      0.0506                   -0.002423043547831792
0.016999999999999998      0.0506                   -0.003614472392496802
0.0218                    0.0506                   -0.004581668480884801
0.0266                    0.0506                   -0.005127152955877591
0.0314                    0.0506                   -0.005346744643244848
0.036199999999999996      0.0506                   -0.005356655319744448
0.040999999999999995      0.0506                   -0.005186533991216832
0.045799999999999993      0.0506                   -0.004783734948965506
0.0506                    0.0506                   -0.004031236749128699
0.0554                    0.0506                   -0.002783877370658826
0.0602                    0.0506                   -0.0011358416761593781
0.06499999999999999       0.0506                   -0.0010438712776087377
0.06979999999999999       0.0506                   -8.542854939265656E-4
-0.007                    0.0554                   -2.292067465228016E-5
-0.0022000000000000006    0.0554                   -2.5680099689771373E-5
0.002599999999999999      0.0554                   -2.6004287354709316E-4
0.0073999999999999995     0.0554                   -7.081689312226856E-4
0.012199999999999999      0.0554                   -0.001206227724392048
0.016999999999999998      0.0554                   -0.001742213669718542
0.0218                    0.0554                   -0.002194919189852189
0.0266                    0.0554                   -0.0024889693303668677
0.0314                    0.0554                   -0.002631779719559121
0.036199999999999996      0.0554                   -0.0026570210403992008
0.040999999999999995      0.0554                   -0.0025762565034581617
0.045799999999999993      0.0554                   -0.0023672443520428715
0.0506                    0.0554                   -0.0019911558688270126
0.0554                    0.0554                   -0.0014313857696443507
0.0602                    0.0554                   -8.120071969852212E-4
0.06499999999999999       0.0554                   -7.790365003964953E-4
0.06979999999999999       0.0554                   -6.895453908429817E-4
-0.007                    0.0602                   -2.8292458390110394E-5
-0.0022000000000000006    0.0602                   -3.460385086105068E-5
0.002599999999999999      0.0602                   -5.0187838217599E-5
0.0073999999999999995     0.0602                   -6.463481044911611E-5
0.012199999999999999      0.0602                   -7.87556258815919E-5
0.016999999999999998      0.0602                   -9.38080222422569E-5
0.0218                    0.0602                   -1.1038331447376347E-4
0.0266                    0.0602                   -1.290366944452506E-4
0.0314                    0.0602                   -1.5043015714336143E-4
0.036199999999999996      0.0602                   -1.754844072225539E-4
0.040999999999999995      0.0602                   -2.0558382467298272E-4
0.045799999999999993      0.0602                   -2.4301377872067685E-4
0.0506                    0.0602                   -2.921838939475695E-4
0.0554                    0.0602                   -3.6418531219046277E-4
0.0602                    0.0602                   -5.260820436765519E-4
0.06499999999999999       0.0602                   -5.791977987767203E-4
0.06979999999999999       0.0602                   -5.480904996189074E-4
-0.007                    0.06499999999999999      -3.239629781068734E-5
-0.0022000000000000006    0.06499999999999999      -4.043114069583848E-5
0.002599999999999999      0.06499999999999999      -5.162730565905586E-5
0.0073999999999999995     0.06499999999999999      -6.439406444242726E-5
0.012199999999999999      0.06499999999999999      -7.794358836001507E-5
0.016999999999999998      0.06499999999999999      -9.259575481832368E-5
0.0218                    0.06499999999999999      -1.088051537500402E-4
0.0266                    0.06499999999999999      -1.2705003195470765E-4
0.0314                    0.06499999999999999      -1.479465581542239E-4
0.036199999999999996      0.06499999999999999      -1.7229299171002898E-4
0.040999999999999995      0.06499999999999999      -2.0126980841303206E-4
0.045799999999999993      0.06499999999999999      -2.3662493284061088E-4
0.0506                    0.06499999999999999      -2.812743255964009E-4
0.0554                    0.06499999999999999      -3.391045108563573E-4
0.0602                    0.06499999999999999      -4.060212426031673E-4
0.06499999999999999       0.06499999999999999      -4.4365759419962833E-4
0.06979999999999999       0.06499999999999999      -4.3701831638201424E-4
-0.007                    0.06979999999999999      -3.4530579903702155E-5
-0.0022000000000000006    0.06979999999999999      -4.2447456975641445E-5
0.002599999999999999      0.06979999999999999      -5.220725896421418E-5
0.0073999999999999995     0.06979999999999999      -6.350078147186037E-5
0.012199999999999999      0.06979999999999999      -7.602974037017217E-5
0.016999999999999998      0.06979999999999999      -8.984338223374597E-5
0.0218                    0.06979999999999999      -1.0519690663486518E-4
0.0266                    0.06979999999999999      -1.2244730016602162E-4
0.0314                    0.06979999999999999      -1.4203857898535254E-4
0.036199999999999996      0.06979999999999999      -1.6455479221713195E-4
0.040999999999999995      0.06979999999999999      -1.9068661833049596E-4
0.045799999999999993      0.06979999999999999      -2.212504357317223E-4
0.0506                    0.06979999999999999      -2.568862633919825E-4
0.0554                    0.06979999999999999      -2.9629955833864195E-4
0.0602                    0.06979999999999999      -3.3314071986193536E-4
0.06499999999999999       0.06979999999999999      -3.545881802210059E-4
0.06979999999999999       0.06979999999999999      -3.537216800615633E-4
