% Model:              comsol_nonlinear-iron.mph
% Version:            COMSOL 6.4.0.378
% Date:               Jul 28 2026, 15:24
% Dimension:          2
% Nodes:              289
% Expressions:        1
% Description:        Magnetic flux density norm
% Length unit:        m
% x                       y                        mf.normB (T)
-0.007                    -0.007                   0.00152919617108149
-0.0022000000000000006    -0.007                   0.0019845365047140425
0.002599999999999999      -0.007                   0.0023871535199136203
0.0073999999999999995     -0.007                   0.002634240100127935
0.012199999999999999      -0.007                   0.0028827278112146582
0.016999999999999998      -0.007                   0.003186125466748347
0.0218                    -0.007                   0.003572763875694723
0.0266                    -0.007                   0.0040785802690355005
0.0314                    -0.007                   0.0047209228423980565
0.036199999999999996      -0.007                   0.00557079542621502
0.040999999999999995      -0.007                   0.0066964174830939265
0.045799999999999993      -0.007                   0.008294743960173765
0.0506                    -0.007                   0.010630150139750242
0.0554                    -0.007                   0.013997169884853488
0.0602                    -0.007                   0.01802959899346978
0.06499999999999999       -0.007                   0.01916477974642776
0.06979999999999999       -0.007                   0.018055685893325117
-0.007                    -0.0022000000000000006   0.0015566823483624138
-0.0022000000000000006    -0.0022000000000000006   0.0023974671193200854
0.002599999999999999      -0.0022000000000000006   0.0027311420515457045
0.0073999999999999995     -0.0022000000000000006   0.002860269687313281
0.012199999999999999      -0.0022000000000000006   0.002995937472208239
0.016999999999999998      -0.0022000000000000006   0.0032632747135268704
0.0218                    -0.0022000000000000006   0.003642382870756208
0.0266                    -0.0022000000000000006   0.004139865337768967
0.0314                    -0.0022000000000000006   0.004798055829484271
0.036199999999999996      -0.0022000000000000006   0.005688018998734785
0.040999999999999995      -0.0022000000000000006   0.006926426494863741
0.045799999999999993      -0.0022000000000000006   0.00875227885945531
0.0506                    -0.0022000000000000006   0.011847663761707171
0.0554                    -0.0022000000000000006   0.018826721013260744
0.0602                    -0.0022000000000000006   0.031307065855981774
0.06499999999999999       -0.0022000000000000006   0.028474219809856184
0.06979999999999999       -0.0022000000000000006   0.02504849811054177
-0.007                    0.002599999999999999     0.0014066156986219064
-0.0022000000000000006    0.002599999999999999     0.0018998685775002567
0.002599999999999999      0.002599999999999999     0.07034951266537723
0.0073999999999999995     0.002599999999999999     0.15096821217707085
0.012199999999999999      0.002599999999999999     0.25284716092712767
0.016999999999999998      0.002599999999999999     0.36319435674054756
0.0218                    0.002599999999999999     0.4543059123515658
0.0266                    0.002599999999999999     0.5134659897649426
0.0314                    0.002599999999999999     0.5384291033082939
0.036199999999999996      0.002599999999999999     0.5394729162814882
0.040999999999999995      0.002599999999999999     0.5159514971285137
0.045799999999999993      0.002599999999999999     0.46144722931576926
0.0506                    0.002599999999999999     0.36997325996638436
0.0554                    0.002599999999999999     0.23822081636645098
0.0602                    0.002599999999999999     0.05295659655396638
0.06499999999999999       0.002599999999999999     0.04338886857869265
0.06979999999999999       0.002599999999999999     0.03451151456554256
-0.007                    0.0073999999999999995    0.0011730035552364915
-0.0022000000000000006    0.0073999999999999995    0.0013229757410543222
0.002599999999999999      0.0073999999999999995    0.14610139181692802
0.0073999999999999995     0.0073999999999999995    0.20419508625652372
0.012199999999999999      0.0073999999999999995    0.3152890599043333
0.016999999999999998      0.0073999999999999995    0.4302775379403716
0.0218                    0.0073999999999999995    0.5159447309535741
0.0266                    0.0073999999999999995    0.5570619727650573
0.0314                    0.0073999999999999995    0.5686918350993025
0.036199999999999996      0.0073999999999999995    0.5648764164433565
0.040999999999999995      0.0073999999999999995    0.5488550530774813
0.045799999999999993      0.0073999999999999995    0.5156606318923125
0.0506                    0.0073999999999999995    0.45993190120434635
0.0554                    0.0073999999999999995    0.3708597384887864
0.0602                    0.0073999999999999995    0.06819935579790139
0.06499999999999999       0.0073999999999999995    0.060858105345027426
0.06979999999999999       0.0073999999999999995    0.04749340546207211
-0.007                    0.012199999999999999     9.854994466724858E-4
-0.0022000000000000006    0.012199999999999999     0.001062497144649857
0.002599999999999999      0.012199999999999999     0.21135667243142628
0.0073999999999999995     0.012199999999999999     0.2833288760752815
0.012199999999999999      0.012199999999999999     0.4224126645655894
0.016999999999999998      0.012199999999999999     0.5854914583449355
0.0218                    0.012199999999999999     0.6321608384015713
0.0266                    0.012199999999999999     0.6215466731334953
0.0314                    0.012199999999999999     0.6090180470891309
0.036199999999999996      0.012199999999999999     0.6028336405241616
0.040999999999999995      0.012199999999999999     0.6016915437195771
0.045799999999999993      0.012199999999999999     0.6023285350616436
0.0506                    0.012199999999999999     0.6090217689232404
0.0554                    0.012199999999999999     0.6161596906733409
0.0602                    0.012199999999999999     0.11357806333827447
0.06499999999999999       0.012199999999999999     0.0952930826806284
0.06979999999999999       0.012199999999999999     0.06784491754387253
-0.007                    0.016999999999999998     8.854425119967469E-4
-0.0022000000000000006    0.016999999999999998     9.350898022097751E-4
0.002599999999999999      0.016999999999999998     0.24507024987089274
0.0073999999999999995     0.016999999999999998     0.34330178363441866
0.012199999999999999      0.016999999999999998     0.5699082516978186
0.016999999999999998      0.016999999999999998     0.8468836344452254
0.0218                    0.016999999999999998     0.802940935088611
0.0266                    0.016999999999999998     0.6755168478018065
0.0314                    0.016999999999999998     0.635298788910895
0.036199999999999996      0.016999999999999998     0.6263139656395251
0.040999999999999995      0.016999999999999998     0.6367955999468599
0.045799999999999993      0.016999999999999998     0.6680786133528348
0.0506                    0.016999999999999998     0.7443150416569051
0.0554                    0.016999999999999998     0.9349380548236598
0.0602                    0.016999999999999998     0.2922901267426798
0.06499999999999999       0.016999999999999998     0.16996547645185914
0.06979999999999999       0.016999999999999998     0.0965141613651915
-0.007                    0.0218                   8.251710033349926E-4
-0.0022000000000000006    0.0218                   8.714720350206912E-4
0.002599999999999999      0.0218                   0.2110850538538755
0.0073999999999999995     0.0218                   0.34307947649694426
0.012199999999999999      0.0218                   0.6354491422232554
0.016999999999999998      0.0218                   1.0768796799493987
0.0218                    0.0218                   1.1982990280716892
0.0266                    0.0218                   1.1982668143614106
0.0314                    0.0218                   1.196976339615677
0.036199999999999996      0.0218                   1.1937726941529547
0.040999999999999995      0.0218                   1.1877508053488919
0.045799999999999993      0.0218                   1.1766176836463575
0.0506                    0.0218                   1.1560996972442077
0.0554                    0.0218                   1.1280541015014536
0.0602                    0.0218                   0.8211493120348455
0.06499999999999999       0.0218                   0.2611906038918423
0.06979999999999999       0.0218                   0.12692312933213012
-0.007                    0.0266                   7.987107423046388E-4
-0.0022000000000000006    0.0266                   8.473339488794812E-4
0.002599999999999999      0.0266                   0.12592101413363546
0.0073999999999999995     0.0266                   0.28503881752681226
0.012199999999999999      0.0266                   0.5974070031701826
0.016999999999999998      0.0266                   1.0179170679982605
0.0218                    0.0266                   1.1963903782548093
0.0266                    0.0266                   1.1950113164944463
0.0314                    0.0266                   1.190811151635492
0.036199999999999996      0.0266                   1.1808596148606407
0.040999999999999995      0.0266                   1.1609656981959824
0.045799999999999993      0.0266                   1.1178966841555678
0.0506                    0.0266                   1.0281184148088243
0.0554                    0.0266                   0.8481499316543472
0.0602                    0.0266                   0.5483290150507948
0.06499999999999999       0.0266                   0.2783413578965399
0.06979999999999999       0.0266                   0.14299301200148115
-0.007                    0.0314                   7.947147514109788E-4
-0.0022000000000000006    0.0314                   8.43348423129105E-4
0.002599999999999999      0.0314                   0.08793166144268715
0.0073999999999999995     0.0314                   0.2607399387741861
0.012199999999999999      0.0314                   0.5761616430236848
0.016999999999999998      0.0314                   1.0044365897674237
0.0218                    0.0314                   1.1960089857172962
0.0266                    0.0314                   1.1943963377084796
0.0314                    0.0314                   1.189659642533164
0.036199999999999996      0.0314                   1.1784599827277658
0.040999999999999995      0.0314                   1.1557810759369145
0.045799999999999993      0.0314                   1.1064258611977231
0.0506                    0.0314                   1.0032145948572548
0.0554                    0.0314                   0.8086164533669412
0.0602                    0.0314                   0.5237405765353019
0.06499999999999999       0.0314                   0.2778111970528752
0.06979999999999999       0.0314                   0.14523811969104478
-0.007                    0.036199999999999996     8.121054542939838E-4
-0.0022000000000000006    0.036199999999999996     8.590360349630826E-4
0.002599999999999999      0.036199999999999996     0.1779220677863344
0.0073999999999999995     0.036199999999999996     0.32387960176835
0.012199999999999999      0.036199999999999996     0.6281656147933442
0.016999999999999998      0.036199999999999996     1.0485441727700853
0.0218                    0.036199999999999996     1.1973499829067695
0.0266                    0.036199999999999996     1.1966678050306545
0.0314                    0.036199999999999996     1.1940652906972071
0.036199999999999996      0.036199999999999996     1.1878610596928532
0.040999999999999995      0.036199999999999996     1.1751901821954334
0.045799999999999993      0.036199999999999996     1.1478709255283985
0.0506                    0.036199999999999996     1.0936603212558562
0.0554                    0.036199999999999996     0.9739505191869442
0.0602                    0.036199999999999996     0.6410355825938356
0.06499999999999999       0.036199999999999996     0.2742870675559624
0.06979999999999999       0.036199999999999996     0.13452061318723552
-0.007                    0.040999999999999995     8.569998722072623E-4
-0.0022000000000000006    0.040999999999999995     9.002963905667572E-4
0.002599999999999999      0.040999999999999995     0.2360482589425352
0.0073999999999999995     0.040999999999999995     0.35180377572353455
0.012199999999999999      0.040999999999999995     0.6150099249765828
0.016999999999999998      0.040999999999999995     1.024677404136114
0.0218                    0.040999999999999995     0.8788552349322136
0.0266                    0.040999999999999995     0.6888816962497786
0.0314                    0.040999999999999995     0.6412247293123883
0.036199999999999996      0.040999999999999995     0.6333077672503402
0.040999999999999995      0.040999999999999995     0.6486267617106587
0.045799999999999993      0.040999999999999995     0.6938269842737169
0.0506                    0.040999999999999995     0.7978437550879163
0.0554                    0.040999999999999995     1.0858787075715883
0.0602                    0.040999999999999995     0.7260638852255259
0.06499999999999999       0.040999999999999995     0.21409908108072315
0.06979999999999999       0.040999999999999995     0.10969122013472009
-0.007                    0.045799999999999993     9.368568384406966E-4
-0.0022000000000000006    0.045799999999999993     9.946557498515716E-4
0.002599999999999999      0.045799999999999993     0.23226106749559078
0.0073999999999999995     0.045799999999999993     0.31367697531003463
0.012199999999999999      0.045799999999999993     0.4798836084118029
0.016999999999999998      0.045799999999999993     0.6636102989864487
0.0218                    0.045799999999999993     0.6891485529249501
0.0266                    0.045799999999999993     0.6450988479329451
0.0314                    0.045799999999999993     0.6212467125691167
0.036199999999999996      0.045799999999999993     0.6134908915278916
0.040999999999999995      0.045799999999999993     0.6167712365150231
0.045799999999999993      0.045799999999999993     0.631389846242899
0.0506                    0.045799999999999993     0.661448504270641
0.0554                    0.045799999999999993     0.7319379434762319
0.0602                    0.045799999999999993     0.15424360207955645
0.06499999999999999       0.045799999999999993     0.11913489535779036
0.06979999999999999       0.045799999999999993     0.07868045880219447
-0.007                    0.0506                   0.0010924768549404067
-0.0022000000000000006    0.0506                   0.001194773606553858
0.002599999999999999      0.0506                   0.17538631441718988
0.0073999999999999995     0.0506                   0.238221825942668
0.012199999999999999      0.0506                   0.35507606535200176
0.016999999999999998      0.0506                   0.48111041079442296
0.0218                    0.0506                   0.5614933873253753
0.0266                    0.0506                   0.5858669192975372
0.0314                    0.0506                   0.5868741787047812
0.036199999999999996      0.0506                   0.5808087580279352
0.040999999999999995      0.0506                   0.5706011598389826
0.045799999999999993      0.0506                   0.550765588591776
0.0506                    0.0506                   0.5171405517987527
0.0554                    0.0506                   0.46048828308810497
0.0602                    0.0506                   0.08209332565516722
0.06499999999999999       0.0506                   0.07215077828624064
0.06979999999999999       0.0506                   0.05494960591012314
-0.007                    0.0554                   0.001312742672517819
-0.0022000000000000006    0.0554                   0.001657665466426119
0.002599999999999999      0.0554                   0.10054640894245344
0.0073999999999999995     0.0554                   0.1685631622764984
0.012199999999999999      0.0554                   0.27273349844102623
0.016999999999999998      0.0554                   0.38243518728020587
0.0218                    0.0554                   0.4733665701127423
0.0266                    0.0554                   0.5261799320258032
0.0314                    0.0554                   0.5486387850972544
0.036199999999999996      0.0554                   0.5476335677928527
0.040999999999999995      0.0554                   0.5257202162411218
0.045799999999999993      0.0554                   0.47963522184693375
0.0506                    0.0554                   0.3990750167205286
0.0554                    0.0554                   0.2774555074204697
0.0602                    0.0554                   0.05763901862056421
0.06499999999999999       0.0554                   0.04963116130957606
0.06979999999999999       0.0554                   0.03949656273725239
-0.007                    0.0602                   0.001503267991595564
-0.0022000000000000006    0.0602                   0.0025633050181755337
0.002599999999999999      0.0602                   0.003507021031419516
0.0073999999999999995     0.0602                   0.0028973649805936973
0.012199999999999999      0.0602                   0.0030145618308939806
0.016999999999999998      0.0602                   0.0032777815811091825
0.0218                    0.0602                   0.003650534191087432
0.0266                    0.0602                   0.004146857034502298
0.0314                    0.0602                   0.004798815311916993
0.036199999999999996      0.0602                   0.005694293862010768
0.040999999999999995      0.0602                   0.00694489345552903
0.045799999999999993      0.0602                   0.008810134951507584
0.0506                    0.0602                   0.011867365730864006
0.0554                    0.0602                   0.01935994298675383
0.0602                    0.0602                   0.055943370203983676
0.06499999999999999       0.0602                   0.03523817950575887
0.06979999999999999       0.0602                   0.028653868589868445
-0.007                    0.06499999999999999      0.0015613887262074296
-0.0022000000000000006    0.06499999999999999      0.002105880588119646
0.002599999999999999      0.06499999999999999      0.0025869790355647613
0.0073999999999999995     0.06499999999999999      0.0027519125690611567
0.012199999999999999      0.06499999999999999      0.0029360262744009447
0.016999999999999998      0.06499999999999999      0.003223882262339233
0.0218                    0.06499999999999999      0.003613444888806216
0.0266                    0.06499999999999999      0.004114171349979498
0.0314                    0.06499999999999999      0.004769635391733324
0.036199999999999996      0.06499999999999999      0.005634679579302337
0.040999999999999995      0.06499999999999999      0.006822442574884854
0.045799999999999993      0.06499999999999999      0.008556263301771836
0.0506                    0.06499999999999999      0.011357937704029054
0.0554                    0.06499999999999999      0.01589662078765506
0.0602                    0.06499999999999999      0.021904364796735337
0.06499999999999999       0.06499999999999999      0.02269511536052946
0.06979999999999999       0.06499999999999999      0.02064478552489736
-0.007                    0.06979999999999999      0.0014830449581600437
-0.0022000000000000006    0.06979999999999999      0.0018605570466672142
0.002599999999999999      0.06979999999999999      0.0022212834375977195
0.0073999999999999995     0.06979999999999999      0.002501539154604449
0.012199999999999999      0.06979999999999999      0.0027862038188423196
0.016999999999999998      0.06979999999999999      0.0031142413183252514
0.0218                    0.06979999999999999      0.003513672811494551
0.0266                    0.06979999999999999      0.004012635388333894
0.0314                    0.06979999999999999      0.004635318443186622
0.036199999999999996      0.06979999999999999      0.005432142341817308
0.040999999999999995      0.06979999999999999      0.00647691992427745
0.045799999999999993      0.06979999999999999      0.007860284423178073
0.0506                    0.06979999999999999      0.009796045645631015
0.0554                    0.06979999999999999      0.01227151602160184
0.0602                    0.06979999999999999      0.014275453552623996
0.06499999999999999       0.06979999999999999      0.015352070943883692
0.06979999999999999       0.06979999999999999      0.015014460195553202
