% Model:              comsol_rotating_pmsm.mph
% Version:            COMSOL 6.4.0.378
% Date:               Jul 30 2026, 13:38
% Table:              Table 15 - Arkkios torque
% mech_angle_radian (rad) Arkkios troque           Maxwell stress tensor
0                         5.3575356220776165       5.379355755061739
0.06346651825433926       5.3533281382459625       5.381268276114995
0.12693303650867852       5.349119050288506        5.383105818639434
0.1903995547630178        5.344976084006901        5.384838815885602
0.25386607301735703       5.340965901278574        5.386439383280396
0.3173325912716963        5.337153027444239        5.387881767097129
0.3807991095260356        5.333598813073892        5.389142758841133
0.4442656277803748        5.33036044680473         5.390202068674757
0.5077321460347141        5.327490035162452        5.391042651916796
0.5711986642890533        5.325033764145482        5.391650983262784
0.6346651825433925        5.323031156074303        5.39201727443792
0.6981317007977318        5.321514433661995        5.392135631672108
0.7615982190520711        5.320508001539555        5.39200415055899
0.8250647373064104        5.320028053577073        5.3916249466799435
0.8885312555607496        5.3200823123166945       5.391004121562795
0.9519977738150889        5.32066990471563         5.390151664518469
1.0154642920694281        5.3217813761903825       5.389081291899389
1.0789308103237674        5.323398842750654        5.387810226404707
1.1423973285781066        5.325496278754745        5.386358919949952
1.2058638468324459        5.328039935670251        5.384750724599934
1.269330365086785         5.330988885106068        5.383011516823745
1.3327968833411243        5.334295677361464        5.3811692811186225
1.3962634015954636        5.337907104910853        5.37925365975458
1.4597299198498028        5.341765058535389        5.37729547578793
1.5231964381041423        5.345807462313941        5.375326237138966
1.5866629563584815        5.349969272458075        5.373377629588412
1.6501294746128208        5.354183523885349        5.371481006972649
1.71359599286716          5.358382407711142        5.369666886644445
1.7770625111214993        5.362498362324025        5.367964458488969
1.8405290293758385        5.366465160472311        5.3664011152090145
1.9039955476301778        5.3702189748905065       5.365002011584307
1.967462065884517         5.373699405298327        5.363789659716934
2.0309285841388562        5.376850450268075        5.362783566798681
2.0943951023931957        5.379621408306084        5.361999921245193
2.1578616206475347        5.381967693661052        5.361451332202045
2.221328138901874         5.383851553722392        5.361146626676393
2.284794657156213         5.385242676477905        5.361090707495053
2.3482611754105527        5.386118678239544        5.361284474415714
2.4117276936648917        5.386465463812877        5.361724809654746
2.475194211919231         5.386277453288657        5.362404628058277
2.53866073017357          5.385557671824466        5.36331299109035
2.6021272484279097        5.384317700975247        5.364435282847964
2.6655937666822487        5.382577492335055        5.365753445241545
2.729060284936588         5.380365046513717        5.367246268543055
2.792526803190927         5.3777159625896624       5.368889732663586
2.8559933214452666        5.374672865318975        5.370657393654757
2.9194598396996057        5.371284719273475        5.372520809184001
2.982926357953945         5.3676060409920305       5.37444999620515
3.0463928762082846        5.363696021785158        5.376413913369751
3.1098593944626236        5.359617575324823        5.378380960519163
3.173325912716963         5.355436325341648        5.380319487129933
3.236792430971302         5.351219549713788        5.382198301578906
3.3002589492256416        5.34703509793898         5.383987173042638
3.3637254674799806        5.342950299413584        5.385657317903646
3.42719198573432          5.339030880073715        5.387181862912585
3.490658503988659         5.33533990484379         5.388536277565841
3.5541250222429985        5.331936762898307        5.3896987688291516
3.6175915404973376        5.328876212063041        5.39065063177621
3.681058058751677         5.326207497747988        5.391376550577886
3.744524577006016         5.323973560566255        5.391864844933202
3.8079910952603555        5.32221034540189         5.392107657998987
3.8714576135146945        5.320946223046505        5.392101082823917
3.934924131769034         5.320201533703877        5.391845225198817
3.998390650023373         5.319988259702448        5.3913442019793605
4.0618571682777125        5.320309832701976        5.3906060748108455
4.1253236865320515        5.3211610784729695       5.389642720437437
4.188790204786391         5.322528300150115        5.388469639586876
4.25225672304073          5.3243894986271245       5.387105707576428
4.3157232412950695        5.3267147265225026       5.385572870576108
4.3791897595494085        5.329466570048639        5.383895792511755
4.442656277803748         5.3326007510147          5.38210145819488
4.506122796058087         5.336066839273875        5.380218739137798
4.569589314312426         5.339809064170886        5.378277928997223
4.6330558325667655        5.343767211903879        5.376310256124342
4.696522350821105         5.347877594395541        5.3743473811232505
4.759988869075444         5.35207407405232         5.372420887383734
4.823455387329783         5.356289127946161        5.370561772911765
4.886921905584122         5.360454934280555        5.368799951554917
4.950388423838462         5.364504463675104        5.367163771678242
5.013854942092801         5.368372557682922        5.365679560027954
5.07732146034714          5.371996977224712        5.364371198124384
5.14078797860148          5.375319404033341        5.363259738000745
5.204254496855819         5.378286379017294        5.3623630634708
5.267721015110158         5.380850162440192        5.36169560235821
5.331187533364497         5.382969502064777        5.361268094366175
5.394654051618837         5.384610296923381        5.36108741825249
5.458120569873176         5.385746146014317        5.361156481167296
5.521587088127515         5.386358773099674        5.361474171861324
5.585053606381854         5.386438320778247        5.3620353785727275
5.648520124636194         5.385983509100408        5.36283107127352
5.711986642890533         5.3850016561563          5.3638484469777135
5.775453161144872         5.383508560326908        5.365071135721846
5.838919679399211         5.381528246082546        5.366479463991465
5.902386197653551         5.3790925774210425       5.368050771249331
5.96585271590789          5.37624074516352         5.369759774581112
6.029319234162229         5.373018636357547        5.371578975483092
6.092785752416569         5.3694780959404484       5.373479102326033
6.156252270670908         5.365676092533116        5.375429581363376
6.219718788925247         5.3616738017927155       5.37739902865794
6.283185307179586         5.357535622077151        5.379355755060817
