% Model:              comsol_verification_thermal_pmsm.mph
% Version:            COMSOL 6.4.0.378
% Date:               Aug 8 2026, 01:07
% Dimension:          2
% Nodes:              73
% Expressions:        1
% Description:        Temperature
% Length unit:        m
% X                       Y                        T (K)
0.064                     0                        303.3230467871354
0.06375646067787172       0.005229344564859489     303.32007352623293
0.06302769619278131       0.01041889066001582      303.31298083408956
0.061819252882500376      0.015529142706151244     303.30506684385625
0.06014032773029814       0.02052120859954012      303.2985376869409
0.058003698370345594      0.025357095704441966     303.2943946752658
0.055425625842204077      0.029999999999999995     303.29301669749486
0.052425730834495476      0.03441458618106276      303.29455349162936
0.049026844359614595      0.03856725658119235      303.29903892307544
0.04525483399593905       0.042426406871192854     303.3064139861682
0.04113840701993852       0.04596266658713868      303.31625600090325
0.036708891926466945      0.049149122657339506     303.32708237708994
0.03200000000000001       0.05196152422706631      303.3350466648409
0.027047568751404766      0.054378467222198995     303.33461039243974
0.021889289172842805      0.0563815572471545       303.3266245409159
0.01656441888656133       0.0579555495773441       303.317010491452
0.011113483370683547      0.05908846518073248      303.3091780294351
0.005577967535850121      0.05977168188550473      303.3043164501515
3.91886975727153E-18      0.06                     303.3026849190445
-0.005577967535850127     0.05977168188550473      303.30433099086366
-0.01111348337068354      0.05908846518073248      303.30921422764476
-0.016564418886561336     0.0579555495773441       303.3170380426793
-0.0218892891728428       0.056381557247154504     303.32670780180257
-0.02704756875140476      0.054378467222199        303.3346878651714
-0.03199999999999999      0.05196152422706632      303.33510997091116
-0.03670889192646695      0.0491491226573395       303.3271675210897
-0.04113840701993852      0.04596266658713868      303.3163169493724
-0.04525483399593904      0.042426406871192854     303.3064914196344
-0.04902684435961459      0.038567256581192366     303.29911617775076
-0.05242573083449548      0.03441458618106275      303.29462520523145
-0.055425625842204077     0.029999999999999995     303.29309513817685
-0.058003698370345594     0.02535709570444197      303.2944690545931
-0.060140327730298135     0.020521208599540132     303.2986096638195
-0.06181925288250037      0.01552914270615126      303.30514315802986
-0.06302769619278131      0.010418890660015816     303.31305607062575
-0.06375646067787172      0.005229344564859491     303.3201290466814
-0.064                    7.347880794884118E-18    303.3230837024934
-0.06375646067787172      -0.005229344564859476    303.3201125037598
-0.06302769619278131      -0.010418890660015829    303.313004592388
-0.061819252882500376     -0.015529142706151248    303.30508139701635
-0.06014032773029814      -0.020521208599540118    303.29854101061903
-0.05800369837034561      -0.025357095704441956    303.29439329712517
-0.05542562584220407      -0.030000000000000006    303.29300857494337
-0.052425730834495476     -0.034414586181062766    303.2945268181046
-0.049026844359614595     -0.03856725658119235     303.2990058647008
-0.045254833995939055     -0.04242640687119285     303.3063552157035
-0.041138407019938525     -0.04596266658713867     303.31616936394795
-0.036708891926466966     -0.04914912265733949     303.3269885445088
-0.03200000000000003      -0.051961524227066305    303.3349051733876
-0.02704756875140475      -0.05437846722219901     303.3344767172191
-0.021889289172842788     -0.056381557247154504    303.32651096003025
-0.016564418886561322     -0.0579555495773441      303.31686821444697
-0.011113483370683542     -0.05908846518073248     303.30905034849536
-0.005577967535850128     -0.05977168188550473     303.30418387802825
-1.1756609271814591E-17   -0.06                    303.3025393674416
0.005577967535850105      -0.05977168188550473     303.3041728498472
0.011113483370683519      -0.059088465180732484    303.3090351058634
0.0165644188865613        -0.057955549577344105    303.3168559178283
0.021889289172842816      -0.0563815572471545      303.3264753514326
0.027047568751404776      -0.05437846722219899     303.3344701145555
0.03200000000000001       -0.05196152422706631     303.33491043830594
0.036708891926466945      -0.049149122657339506    303.32695225258965
0.04113840701993851       -0.045962666587138684    303.316165113743
0.045254833995939034      -0.04242640687119286     303.3063306546894
0.04902684435961458       -0.03856725658119237     303.29896672144935
0.05242573083449546       -0.03441458618106279     303.294490201797
0.055425625842204056      -0.030000000000000027    303.2929594793765
0.05800369837034561       -0.025357095704441952    303.2943416834431
0.06014032773029814       -0.020521208599540115    303.29849175930326
0.061819252882500376      -0.015529142706151241    303.3050173631598
0.06302769619278131       -0.010418890660015823    303.31295303256775
0.06375646067787172       -0.005229344564859499    303.3200602599449
0.064                     -1.4695761589768237E-17  303.3230467871354
