% Model:              comsol_model_ex6.mph
% Version:            COMSOL 6.4.0.378
% Date:               Jul 27 2026, 14:57
% Dimension:          2
% Nodes:              361
% Expressions:        1
% Description:        Magnetic vector potential, z-component
% Length unit:        m
% x                       y                        mf.Az (Wb/m) @ I_phase=6.2832
-0.09473684210526317      -0.09473684210526317     7.634363302239736E-8
-0.08421052631578949      -0.09473684210526317     2.2132425219384348E-7
-0.0736842105263158       -0.09473684210526317     3.4256136487444774E-7
-0.06315789473684211      -0.09473684210526317     4.226903004978912E-7
-0.05263157894736843      -0.09473684210526317     4.4766390072805297E-7
-0.04210526315789473      -0.09473684210526317     4.1388917112223397E-7
-0.03157894736842106      -0.09473684210526317     3.334284616493973E-7
-0.021052631578947364     -0.09473684210526317     2.2860001315445616E-7
-0.010526315789473682     -0.09473684210526317     1.1604407205196818E-7
0                         -0.09473684210526317     1.8008277968378972E-9
0.01052631578947369       -0.09473684210526317     -1.1254553517189487E-7
0.021052631578947364      -0.09473684210526317     -2.253973638862686E-7
0.03157894736842107       -0.09473684210526317     -3.307357609669115E-7
0.04210526315789473       -0.09473684210526317     -4.1160761392581176E-7
0.05263157894736844       -0.09473684210526317     -4.4600892083065277E-7
0.06315789473684211       -0.09473684210526317     -4.2151923008065124E-7
0.0736842105263158        -0.09473684210526317     -3.4179138550327975E-7
0.08421052631578949       -0.09473684210526317     -2.2092230913374587E-7
0.09473684210526317       -0.09473684210526317     -7.621401227103637E-8
-0.09473684210526317      -0.08421052631578949     2.3659890787433673E-7
-0.08421052631578949      -0.08421052631578949     6.876927827735097E-7
-0.0736842105263158       -0.08421052631578949     1.0687440219496132E-6
-0.06315789473684211      -0.08421052631578949     1.3251485564348866E-6
-0.05263157894736843      -0.08421052631578949     1.4051821839996894E-6
-0.04210526315789473      -0.08421052631578949     1.290098471515205E-6
-0.03157894736842106      -0.08421052631578949     1.023497937209472E-6
-0.021052631578947364     -0.08421052631578949     6.912567875457218E-7
-0.010526315789473682     -0.08421052631578949     3.4930321852913233E-7
0                         -0.08421052631578949     5.508556853832217E-9
0.01052631578947369       -0.08421052631578949     -3.386136329425279E-7
0.021052631578947364      -0.08421052631578949     -6.81489727483682E-7
0.03157894736842107       -0.08421052631578949     -1.0152105363442663E-6
0.04210526315789473       -0.08421052631578949     -1.2832910464311728E-6
0.05263157894736844       -0.08421052631578949     -1.4002918446978184E-6
0.06315789473684211       -0.08421052631578949     -1.3217140049792842E-6
0.0736842105263158        -0.08421052631578949     -1.0665855537979454E-6
0.08421052631578949       -0.08421052631578949     -6.86421851385748E-7
0.09473684210526317       -0.08421052631578949     -2.3619953362346488E-7
-0.09473684210526317      -0.0736842105263158      4.1812063574890727E-7
-0.08421052631578949      -0.0736842105263158      1.2223646211504017E-6
-0.0736842105263158       -0.0736842105263158      1.9198481731673495E-6
-0.06315789473684211      -0.0736842105263158      2.409023995434302E-6
-0.05263157894736843      -0.0736842105263158      2.5693935141952943E-6
-0.04210526315789473      -0.0736842105263158      2.327102384802665E-6
-0.03157894736842106      -0.0736842105263158      1.7722291750980909E-6
-0.021052631578947364     -0.0736842105263158      1.152656796748285E-6
-0.010526315789473682     -0.0736842105263158      5.857331228865527E-7
0                         -0.0736842105263158      9.516303053821398E-9
0.01052631578947369       -0.0736842105263158      -5.672825763902627E-7
0.021052631578947364      -0.0736842105263158      -1.1357383922967333E-6
0.03157894736842107       -0.0736842105263158      -1.758056199240354E-6
0.04210526315789473       -0.0736842105263158      -2.3157423628460972E-6
0.05263157894736844       -0.0736842105263158      -2.561581233206208E-6
0.06315789473684211       -0.0736842105263158      -2.4036794543155238E-6
0.0736842105263158        -0.0736842105263158      -1.9163867831989727E-6
0.08421052631578949       -0.0736842105263158      -1.2205219507559867E-6
0.09473684210526317       -0.0736842105263158      -4.175239396319835E-7
-0.09473684210526317      -0.06315789473684211     6.299107708743152E-7
-0.08421052631578949      -0.06315789473684211     1.858895020604163E-6
-0.0736842105263158       -0.06315789473684211     2.9742133000654344E-6
-0.06315789473684211      -0.06315789473684211     3.8265238760779325E-6
-0.05263157894736843      -0.06315789473684211     4.167295191126469E-6
-0.04210526315789473      -0.06315789473684211     3.7158671069235215E-6
-0.03157894736842106      -0.06315789473684211     2.5559242693271125E-6
-0.021052631578947364     -0.06315789473684211     1.5145406149006423E-6
-0.010526315789473682     -0.06315789473684211     1.0783015367733902E-5
0                         -0.06315789473684211     4.486755020883229E-7
0.01052631578947369       -0.06315789473684211     -1.0517983304454926E-5
0.021052631578947364      -0.06315789473684211     -1.4899777450270604E-6
0.03157894736842107       -0.06315789473684211     -2.5344103033907656E-6
0.04210526315789473       -0.06315789473684211     -3.700591269089337E-6
0.05263157894736844       -0.06315789473684211     -4.1563537212152055E-6
0.06315789473684211       -0.06315789473684211     -3.819914242628008E-6
0.0736842105263158        -0.06315789473684211     -2.970073100808949E-6
0.08421052631578949       -0.06315789473684211     -1.8566867511738953E-6
0.09473684210526317       -0.06315789473684211     -6.292554721830501E-7
-0.09473684210526317      -0.05263157894736843     8.690889646124026E-7
-0.08421052631578949      -0.05263157894736843     2.598139368541688E-6
-0.0736842105263158       -0.05263157894736843     4.27278638641553E-6
-0.06315789473684211      -0.05263157894736843     5.7420353093982845E-6
-0.05263157894736843      -0.05263157894736843     6.600716351580339E-6
-0.04210526315789473      -0.05263157894736843     6.007386461714836E-6
-0.03157894736842106      -0.05263157894736843     -8.751982366673498E-5
-0.021052631578947364     -0.05263157894736843     -1.4622794081632748E-4
-0.010526315789473682     -0.05263157894736843     2.176676711882742E-4
0                         -0.05263157894736843     3.169667861551984E-6
0.01052631578947369       -0.05263157894736843     -2.120907957480438E-4
0.021052631578947364      -0.05263157894736843     1.4950660986351737E-4
0.03157894736842107       -0.05263157894736843     8.883852324536822E-5
0.04210526315789473       -0.05263157894736843     -5.988641240417686E-6
0.05263157894736844       -0.05263157894736843     -6.5895423589810775E-6
0.06315789473684211       -0.05263157894736843     -5.734851363873176E-6
0.0736842105263158        -0.05263157894736843     -4.2688348927587175E-6
0.08421052631578949       -0.05263157894736843     -2.595967791076692E-6
0.09473684210526317       -0.05263157894736843     -8.684523175620587E-7
-0.09473684210526317      -0.04210526315789473     1.1136497011319518E-6
-0.08421052631578949      -0.04210526315789473     3.376084807671824E-6
-0.0736842105263158       -0.04210526315789473     5.736927787790349E-6
-0.06315789473684211      -0.04210526315789473     8.189299584471834E-6
-0.05263157894736843      -0.04210526315789473     1.0406485179310908E-5
-0.04210526315789473      -0.04210526315789473     9.114562098464153E-4
-0.03157894736842106      -0.04210526315789473     3.3586980795528E-4
-0.021052631578947364     -0.04210526315789473     -7.0321344440879E-4
-0.010526315789473682     -0.04210526315789473     0.001341845845208723
0                         -0.04210526315789473     7.236305326057119E-6
0.01052631578947369       -0.04210526315789473     -0.001327204535768539
0.021052631578947364      -0.04210526315789473     7.057689781646703E-4
0.03157894736842107       -0.04210526315789473     -3.2871844691034004E-4
0.04210526315789473       -0.04210526315789473     -9.080046639423899E-4
0.05263157894736844       -0.04210526315789473     -1.0394837579232179E-5
0.06315789473684211       -0.04210526315789473     -8.1832451296841E-6
0.0736842105263158        -0.04210526315789473     -5.734108806218328E-6
0.08421052631578949       -0.04210526315789473     -3.374799338978221E-6
0.09473684210526317       -0.04210526315789473     -1.1131517019285722E-6
-0.09473684210526317      -0.03157894736842106     1.3219942240037257E-6
-0.08421052631578949      -0.03157894736842106     4.049046662963706E-6
-0.0736842105263158       -0.03157894736842106     7.068784862895367E-6
-0.06315789473684211      -0.03157894736842106     1.0722770620334743E-5
-0.05263157894736843      -0.03157894736842106     0.0010529736117907693
-0.04210526315789473      -0.03157894736842106     0.0035559294446130783
-0.03157894736842106      -0.03157894736842106     0.0053094425552581955
-0.021052631578947364     -0.03157894736842106     0.006283645845657277
-0.010526315789473682     -0.03157894736842106     0.004924155103693106
0                         -0.03157894736842106     1.1953103330614705E-5
0.01052631578947369       -0.03157894736842106     -0.004902279361739021
0.021052631578947364      -0.03157894736842106     -0.006270854794437657
0.03157894736842107       -0.03157894736842106     -0.005303564341660061
0.04210526315789473       -0.03157894736842106     -0.0035531715318669445
0.05263157894736844       -0.03157894736842106     -0.0010507134539060878
0.06315789473684211       -0.03157894736842106     -1.0718261494805164E-5
0.0736842105263158        -0.03157894736842106     -7.068154969889884E-6
0.08421052631578949       -0.03157894736842106     -4.048815886037614E-6
0.09473684210526317       -0.03157894736842106     -1.3218988178070173E-6
-0.09473684210526317      -0.021052631578947364    1.4539663010621771E-6
-0.08421052631578949      -0.021052631578947364    4.452406014134738E-6
-0.0736842105263158       -0.021052631578947364    7.798506898582107E-6
-0.06315789473684211      -0.021052631578947364    1.2136243767352953E-5
-0.05263157894736843      -0.021052631578947364    0.002592082724217844
-0.04210526315789473      -0.021052631578947364    0.0069398733647992785
-0.03157894736842106      -0.021052631578947364    0.011968499459435449
-0.021052631578947364     -0.021052631578947364    0.012065645487968601
-0.010526315789473682     -0.021052631578947364    0.007084833677131418
0                         -0.021052631578947364    9.13793802482702E-6
0.01052631578947369       -0.021052631578947364    -0.0070687472010979345
0.021052631578947364      -0.021052631578947364    -0.012051746655073064
0.03157894736842107       -0.021052631578947364    -0.011963397584269985
0.04210526315789473       -0.021052631578947364    -0.006942169473581501
0.05263157894736844       -0.021052631578947364    -0.0025932330990861893
0.06315789473684211       -0.021052631578947364    -1.2138165500473431E-5
0.0736842105263158        -0.021052631578947364    -7.800021339598442E-6
0.08421052631578949       -0.021052631578947364    -4.453576374101595E-6
0.09473684210526317       -0.021052631578947364    -1.4544642110526364E-6
-0.09473684210526317      -0.010526315789473682    1.5052511947130755E-6
-0.08421052631578949      -0.010526315789473682    4.556520559442265E-6
-0.0736842105263158       -0.010526315789473682    7.72134498556478E-6
-0.06315789473684211      -0.010526315789473682    1.6437608670363037E-4
-0.05263157894736843      -0.010526315789473682    0.0024958819798839983
-0.04210526315789473      -0.010526315789473682    0.009316122639805552
-0.03157894736842106      -0.010526315789473682    0.019445201747125093
-0.021052631578947364     -0.010526315789473682    0.01703790837753777
-0.010526315789473682     -0.010526315789473682    0.011877388588970365
0                         -0.010526315789473682    7.2921629320535046E-6
0.01052631578947369       -0.010526315789473682    -0.011871225770679195
0.021052631578947364      -0.010526315789473682    -0.017034820849291504
0.03157894736842107       -0.010526315789473682    -0.019445544150382393
0.04210526315789473       -0.010526315789473682    -0.009314819672836965
0.05263157894736844       -0.010526315789473682    -0.0024972799720955003
0.06315789473684211       -0.010526315789473682    -1.648632308753894E-4
0.0736842105263158        -0.010526315789473682    -7.72580340044454E-6
0.08421052631578949       -0.010526315789473682    -4.559371556850574E-6
0.09473684210526317       -0.010526315789473682    -1.5060356267190943E-6
-0.09473684210526317      0                        1.513360918215929E-6
-0.08421052631578949      0                        4.544027013293681E-6
-0.0736842105263158       0                        7.478570545735418E-6
-0.06315789473684211      0                        1.3682308892518558E-4
-0.05263157894736843      0                        1.7170682122130644E-4
-0.04210526315789473      0                        0.008554507449956306
-0.03157894736842106      0                        0.024757545754793886
-0.021052631578947364     0                        0.0244026171520713
-0.010526315789473682     0                        0.01837553832365101
0                         0                        4.6722667125964515E-6
0.01052631578947369       0                        -0.01839478085834997
0.021052631578947364      0                        -0.024406737440649483
0.03157894736842107       0                        -0.0247806771714308
0.04210526315789473       0                        -0.00857224415284975
0.05263157894736844       0                        -1.7446686193424725E-4
0.06315789473684211       0                        -1.3451182961798173E-4
0.0736842105263158        0                        -7.486216898011879E-6
0.08421052631578949       0                        -4.547840561756636E-6
0.09473684210526317       0                        -1.514606364856341E-6
-0.09473684210526317      0.01052631578947369      1.5051749986391689E-6
-0.08421052631578949      0.01052631578947369      4.55614555575728E-6
-0.0736842105263158       0.01052631578947369      7.720331268664813E-6
-0.06315789473684211      0.01052631578947369      1.6331597303738372E-4
-0.05263157894736843      0.01052631578947369      0.0024926930943665127
-0.04210526315789473      0.01052631578947369      0.009312423689207922
-0.03157894736842106      0.01052631578947369      0.01945558052326618
-0.021052631578947364     0.01052631578947369      0.017042173381144436
-0.010526315789473682     0.01052631578947369      0.0118791142757829
0                         0.01052631578947369      -1.2859939086133014E-6
0.01052631578947369       0.01052631578947369      -0.011883643816630306
0.021052631578947364      0.01052631578947369      -0.01704850278612308
0.03157894736842107       0.01052631578947369      -0.019464563225425054
0.04210526315789473       0.01052631578947369      -0.009322808259404871
0.05263157894736844       0.01052631578947369      -0.0024973449095905104
0.06315789473684211       0.01052631578947369      -1.6468089816336465E-4
0.0736842105263158        0.01052631578947369      -7.729220205835657E-6
0.08421052631578949       0.01052631578947369      -4.561230984672169E-6
0.09473684210526317       0.01052631578947369      -1.5066476263583816E-6
-0.09473684210526317      0.021052631578947364     1.4539169756897277E-6
-0.08421052631578949      0.021052631578947364     4.451973852917822E-6
-0.0736842105263158       0.021052631578947364     7.79823639889399E-6
-0.06315789473684211      0.021052631578947364     1.2134566020925078E-5
-0.05263157894736843      0.021052631578947364     0.002589380442039237
-0.04210526315789473      0.021052631578947364     0.006941437050844555
-0.03157894736842106      0.021052631578947364     0.011969274931322564
-0.021052631578947364     0.021052631578947364     0.012070716658868098
-0.010526315789473682     0.021052631578947364     0.007081567163455454
0                         0.021052631578947364     -2.680405978549289E-6
0.01052631578947369       0.021052631578947364     -0.00708625280337385
0.021052631578947364      0.021052631578947364     -0.01207631938243339
0.03157894736842107       0.021052631578947364     -0.011978890334522516
0.04210526315789473       0.021052631578947364     -0.006947634426480106
0.05263157894736844       0.021052631578947364     -0.002594287157589753
0.06315789473684211       0.021052631578947364     -1.2149036349544287E-5
0.0736842105263158        0.021052631578947364     -7.806633879515063E-6
0.08421052631578949       0.021052631578947364     -4.456980226288581E-6
0.09473684210526317       0.021052631578947364     -1.4554938913891336E-6
-0.09473684210526317      0.03157894736842107      1.3217512380216412E-6
-0.08421052631578949      0.03157894736842107      4.048703568409378E-6
-0.0736842105263158       0.03157894736842107      7.068599351142421E-6
-0.06315789473684211      0.03157894736842107      1.072129448898474E-5
-0.05263157894736843      0.03157894736842107      0.0010488546015821663
-0.04210526315789473      0.03157894736842107      0.003555148793125619
-0.03157894736842106      0.03157894736842107      0.005307243057171321
-0.021052631578947364     0.03157894736842107      0.006280212989444397
-0.010526315789473682     0.03157894736842107      0.004918904997701408
0                         0.03157894736842107      -2.300588251862694E-6
0.01052631578947369       0.03157894736842107      -0.004923769604260561
0.021052631578947364      0.03157894736842107      -0.00628663541464677
0.03157894736842107       0.03157894736842107      -0.005312858586887507
0.04210526315789473       0.03157894736842107      -0.003559669628348666
0.05263157894736844       0.03157894736842107      -0.0010518741066904286
0.06315789473684211       0.03157894736842107      -1.0732176820764954E-5
0.0736842105263158        0.03157894736842107      -7.075995263646299E-6
0.08421052631578949       0.03157894736842107      -4.053506355911078E-6
0.09473684210526317       0.03157894736842107      -1.3233106689000325E-6
-0.09473684210526317      0.04210526315789473      1.1133868421045032E-6
-0.08421052631578949      0.04210526315789473      3.37563383717294E-6
-0.0736842105263158       0.04210526315789473      5.735718978508034E-6
-0.06315789473684211      0.04210526315789473      8.187800755326658E-6
-0.05263157894736843      0.04210526315789473      1.0405330826029433E-5
-0.04210526315789473      0.04210526315789473      9.088762375220376E-4
-0.03157894736842106      0.04210526315789473      3.324704342581008E-4
-0.021052631578947364     0.04210526315789473      -7.067732450543431E-4
-0.010526315789473682     0.04210526315789473      0.0013375741392875884
0                         0.04210526315789473      -4.0390314210091913E-7
0.01052631578947369       0.04210526315789473      -0.0013388882467712192
0.021052631578947364      0.04210526315789473      6.991777428253025E-4
0.03157894736842107       0.04210526315789473      -3.347565053206949E-4
0.04210526315789473       0.04210526315789473      -9.094140023392058E-4
0.05263157894736844       0.04210526315789473      -1.0415409049294212E-5
0.06315789473684211       0.04210526315789473      -8.196988504111543E-6
0.0736842105263158        0.04210526315789473      -5.742355506036729E-6
0.08421052631578949       0.04210526315789473      -3.379717310538964E-6
0.09473684210526317       0.04210526315789473      -1.114707759164501E-6
-0.09473684210526317      0.05263157894736844      8.688122241833144E-7
-0.08421052631578949      0.05263157894736844      2.597380676921793E-6
-0.0736842105263158       0.05263157894736844      4.271209442891003E-6
-0.06315789473684211      0.05263157894736844      5.7397562321657814E-6
-0.05263157894736843      0.05263157894736844      6.5967336448571715E-6
-0.04210526315789473      0.05263157894736844      6.000094649849483E-6
-0.03157894736842106      0.05263157894736844      -8.850929361696466E-5
-0.021052631578947364     0.05263157894736844      -1.481161612811976E-4
-0.010526315789473682     0.05263157894736844      2.1460376303491052E-4
0                         0.05263157894736844      -9.064475916413198E-7
0.01052631578947369       0.05263157894736844      -2.1669123902517582E-4
0.021052631578947364      0.05263157894736844      1.4653345920011016E-4
0.03157894736842107       0.05263157894736844      8.738204153544874E-5
0.04210526315789473       0.05263157894736844      -6.01197080409396E-6
0.05263157894736844       0.05263157894736844      -6.606300907528402E-6
0.06315789473684211       0.05263157894736844      -5.747199369237813E-6
0.0736842105263158        0.05263157894736844      -4.276743604531559E-6
0.08421052631578949       0.05263157894736844      -2.6005732563652166E-6
0.09473684210526317       0.05263157894736844      -8.699395663042474E-7
-0.09473684210526317      0.06315789473684211      6.296294380318102E-7
-0.08421052631578949      0.06315789473684211      1.8580674385159044E-6
-0.0736842105263158       0.06315789473684211      2.9725678707522905E-6
-0.06315789473684211      0.06315789473684211      3.823915294472496E-6
-0.05263157894736843      0.06315789473684211      4.162945487086203E-6
-0.04210526315789473      0.06315789473684211      3.7095387559703418E-6
-0.03157894736842106      0.06315789473684211      2.545924718431322E-6
-0.021052631578947364     0.06315789473684211      1.501242456512002E-6
-0.010526315789473682     0.06315789473684211      1.0318123490818596E-5
0                         0.06315789473684211      -1.6321875119839695E-7
0.01052631578947369       0.06315789473684211      -1.0829765142451955E-5
0.021052631578947364      0.06315789473684211      -1.5119931370551364E-6
0.03157894736842107       0.06315789473684211      -2.5551668144240508E-6
0.04210526315789473       0.06315789473684211      -3.7181271822900886E-6
0.05263157894736844       0.06315789473684211      -4.170034144406277E-6
0.06315789473684211       0.06315789473684211      -3.829892385918346E-6
0.0736842105263158        0.06315789473684211      -2.976788028095959E-6
0.08421052631578949       0.06315789473684211      -1.860627080351813E-6
0.09473684210526317       0.06315789473684211      -6.30466940220207E-7
-0.09473684210526317      0.0736842105263158       4.1789329906243765E-7
-0.08421052631578949      0.0736842105263158       1.221606973322272E-6
-0.0736842105263158       0.0736842105263158       1.918390687845728E-6
-0.06315789473684211      0.0736842105263158       2.4067328445148193E-6
-0.05263157894736843      0.0736842105263158       2.565853447712138E-6
-0.04210526315789473      0.0736842105263158       2.321681628499821E-6
-0.03157894736842106      0.0736842105263158       1.7648473079841894E-6
-0.021052631578947364     0.0736842105263158       1.1430960849006377E-6
-0.010526315789473682     0.0736842105263158       5.740235145187633E-7
0                         0.0736842105263158       -3.866682413981522E-9
0.01052631578947369       0.0736842105263158       -5.817957302343822E-7
0.021052631578947364      0.0736842105263158       -1.1504379255606628E-6
0.03157894736842107       0.0736842105263158       -1.7716782687149283E-6
0.04210526315789473       0.0736842105263158       -2.327673445755809E-6
0.05263157894736844       0.0736842105263158       -2.5712493763958206E-6
0.06315789473684211       0.0736842105263158       -2.4109228887448173E-6
0.0736842105263158        0.0736842105263158       -1.9214122069180494E-6
0.08421052631578949       0.0736842105263158       -1.2233865323949472E-6
0.09473684210526317       0.0736842105263158       -4.184658725762294E-7
-0.09473684210526317      0.08421052631578949      2.364369208038984E-7
-0.08421052631578949      0.08421052631578949      6.87138085946417E-7
-0.0736842105263158       0.08421052631578949      1.0678726355257348E-6
-0.06315789473684211      0.08421052631578949      1.323694458267893E-6
-0.05263157894736843      0.08421052631578949      1.4027078634905106E-6
-0.04210526315789473      0.08421052631578949      1.2867228747511065E-6
-0.03157894736842106      0.08421052631578949      1.018992284451273E-6
-0.021052631578947364     0.08421052631578949      6.854786722917868E-7
-0.010526315789473682     0.08421052631578949      3.4241048567101957E-7
0                         0.08421052631578949      -2.2920284244053666E-9
0.01052631578947369       0.08421052631578949      -3.4694922876098454E-7
0.021052631578947364      0.08421052631578949      -6.898619106329867E-7
0.03157894736842107       0.08421052631578949      -1.023058430781602E-6
0.04210526315789473       0.08421052631578949      -1.2902539138809293E-6
0.05263157894736844       0.08421052631578949      -1.4057890158093212E-6
0.06315789473684211       0.08421052631578949      -1.3260440826056035E-6
0.0736842105263158        0.08421052631578949      -1.0696979143417593E-6
0.08421052631578949       0.08421052631578949      -6.881799350779641E-7
0.09473684210526317       0.08421052631578949      -2.368041561387553E-7
-0.09473684210526317      0.09473684210526317      7.629005972541502E-8
-0.08421052631578949      0.09473684210526317      2.211681926113851E-7
-0.0736842105263158       0.09473684210526317      3.421485099207406E-7
-0.06315789473684211      0.09473684210526317      4.221236695937945E-7
-0.05263157894736843      0.09473684210526317      4.4692559502608036E-7
-0.04210526315789473      0.09473684210526317      4.1279557118891515E-7
-0.03157894736842106      0.09473684210526317      3.319197000711414E-7
-0.021052631578947364     0.09473684210526317      2.266912280372252E-7
-0.010526315789473682     0.09473684210526317      1.1377328704568188E-7
0                         0.09473684210526317      -7.583479816747414E-10
0.01052631578947369       0.09473684210526317      -1.152704851912286E-7
0.021052631578947364      0.09473684210526317      -2.2813503701201495E-7
0.03157894736842107       0.09473684210526317      -3.3326425973041165E-7
0.04210526315789473       0.09473684210526317      -4.1396861405692945E-7
0.05263157894736844       0.09473684210526317      -4.479319541940072E-7
0.06315789473684211       0.09473684210526317      -4.2301568073947245E-7
0.0736842105263158        0.09473684210526317      -3.428191396766326E-7
0.08421052631578949       0.09473684210526317      -2.2151421892647125E-7
0.09473684210526317       0.09473684210526317      -7.640381600712566E-8
