% Model:              comsol_model_ex6.mph
% Version:            COMSOL 6.4.0.378
% Date:               Jul 27 2026, 14:13
% Dimension:          2
% Nodes:              361
% Expressions:        2
% Description:        Magnetic flux density, x-component, Magnetic flux density, y-component
% Length unit:        m
% x                       y                        mf.Bx (T) @ I_phase=6.2832 mf.By (T) @ I_phase=6.2832
-0.09473684210526317      -0.09473684210526317     1.4628240724737415E-5      -1.4382635882635918E-5
-0.08421052631578949      -0.09473684210526317     4.244645825631297E-5       -1.292448089941546E-5
-0.0736842105263158       -0.09473684210526317     6.576324022991014E-5       -9.788049790603242E-6
-0.06315789473684211      -0.09473684210526317     8.127961699495797E-5       -5.313305599645885E-6
-0.05263157894736843      -0.09473684210526317     8.609365267161248E-5       6.096530571728876E-7
-0.04210526315789473      -0.09473684210526317     7.938498260897506E-5       5.6971677622456065E-6
-0.03157894736842106      -0.09473684210526317     6.376404329697647E-5       9.132409727425634E-6
-0.021052631578947364     -0.09473684210526317     4.354077415354973E-5       1.0499102870974531E-5
-0.010526315789473682     -0.09473684210526317     2.2072715915373782E-5      1.0807934023815102E-5
0                         -0.09473684210526317     3.4438593326252695E-7      1.0876344571758208E-5
0.01052631578947369       -0.09473684210526317     -2.140273750690913E-5      1.0829744034550206E-5
0.021052631578947364      -0.09473684210526317     -4.29378744342173E-5       1.0553634828425266E-5
0.03157894736842107       -0.09473684210526317     -6.319347609548799E-5      9.177596731488147E-6
0.04210526315789473       -0.09473684210526317     -7.888598500223643E-5      5.758849909811523E-6
0.05263157894736844       -0.09473684210526317     -8.578673224118405E-5      6.843461477835408E-7
0.06315789473684211       -0.09473684210526317     -8.105800332763475E-5      -5.267679417529712E-6
0.0736842105263158        -0.09473684210526317     -6.557919087961188E-5      -9.775330543099504E-6
0.08421052631578949       -0.09473684210526317     -4.235320055404702E-5      -1.2912081014590457E-5
0.09473684210526317       -0.09473684210526317     -1.4602355583539898E-5     -1.4359535011112579E-5
-0.09473684210526317      -0.08421052631578949     1.6026805234606077E-5      -4.459381968734337E-5
-0.08421052631578949      -0.08421052631578949     4.691208581788245E-5       -4.034476705219919E-5
-0.0736842105263158       -0.08421052631578949     7.363149508592592E-5       -3.121196879600105E-5
-0.06315789473684211      -0.08421052631578949     9.218431715937226E-5       -1.659648543278673E-5
-0.05263157894736843      -0.08421052631578949     9.817909601979938E-5       1.7829319150558162E-6
-0.04210526315789473      -0.08421052631578949     8.878540920892363E-5       1.933848504388651E-5
-0.03157894736842106      -0.08421052631578949     6.787233414698516E-5       2.9853739618064314E-5
-0.021052631578947364     -0.08421052631578949     4.433504956784942E-5       3.2449467243965646E-5
-0.010526315789473682     -0.08421052631578949     2.2262956206525077E-5      3.253252060260539E-5
0                         -0.08421052631578949     3.649444207850296E-7       3.275593762951676E-5
0.01052631578947369       -0.08421052631578949     -2.1550512987803788E-5     3.2597519328905766E-5
0.021052631578947364      -0.08421052631578949     -4.368058625195586E-5      3.252215756749261E-5
0.03157894736842107       -0.08421052631578949     -6.74118561329405E-5       2.9943593130884873E-5
0.04210526315789473       -0.08421052631578949     -8.825534810140648E-5      1.946662576116586E-5
0.05263157894736844       -0.08421052631578949     -9.787776709967676E-5      1.949584722404401E-6
0.06315789473684211       -0.08421052631578949     -9.201102711925312E-5      -1.6476407409158296E-5
0.0736842105263158        -0.08421052631578949     -7.333717291676829E-5      -3.109087737735843E-5
0.08421052631578949       -0.08421052631578949     -4.6818868380198666E-5     -4.028035273524279E-5
0.09473684210526317       -0.08421052631578949     -1.601528356991208E-5      -4.453915288090735E-5
-0.09473684210526317      -0.0736842105263158      1.8585616746440172E-5      -7.894858660168554E-5
-0.08421052631578949      -0.0736842105263158      5.534753612433679E-5       -7.265064361320974E-5
-0.0736842105263158       -0.0736842105263158      8.936644445020641E-5       -5.8253746912996594E-5
-0.06315789473684211      -0.0736842105263158      1.1621149659977233E-4      -3.270174661059041E-5
-0.05263157894736843      -0.0736842105263158      1.2663681802929302E-4      3.5218086863302847E-6
-0.04210526315789473      -0.0736842105263158      1.1101808454854541E-4      4.1288627391927366E-5
-0.03157894736842106      -0.0736842105263158      7.46979838069999E-5        5.962194426901036E-5
-0.021052631578947364     -0.0736842105263158      4.214069446573979E-5       5.601375511660365E-5
-0.010526315789473682     -0.0736842105263158      2.2963430480400665E-5      5.3366239597210545E-5
0                         -0.0736842105263158      3.901165795795988E-7       5.572100506995062E-5
0.01052631578947369       -0.0736842105263158      -2.2184544778350675E-5     5.3462291754225275E-5
0.021052631578947364      -0.0736842105263158      -4.137991895832127E-5      5.607804657722592E-5
0.03157894736842107       -0.0736842105263158      -7.353070719969577E-5      5.968022428365648E-5
0.04210526315789473       -0.0736842105263158      -1.1037609370473627E-4     4.147224033123107E-5
0.05263157894736844       -0.0736842105263158      -1.2646983787536407E-4     3.56852049442297E-6
0.06315789473684211       -0.0736842105263158      -1.159209910703642E-4      -3.2495522712984645E-5
0.0736842105263158        -0.0736842105263158      -8.927131839325824E-5      -5.780018741626089E-5
0.08421052631578949       -0.0736842105263158      -5.5231007058150356E-5     -7.256567318208586E-5
0.09473684210526317       -0.0736842105263158      -1.8645725867177673E-5     -7.881112493878011E-5
-0.09473684210526317      -0.06315789473684211     2.1515798463501805E-5      -1.1918746355839692E-4
-0.08421052631578949      -0.06315789473684211     6.575625152292503E-5       -1.1302298349139038E-4
-0.0736842105263158       -0.06315789473684211     1.1166182222610105E-4      -9.65361653635418E-5
-0.06315789473684211      -0.06315789473684211     1.5571136826463027E-4      -6.13480150181441E-5
-0.05263157894736843      -0.06315789473684211     1.8359604444868156E-4      8.7832758138506E-7
-0.04210526315789473      -0.06315789473684211     1.6024790882777597E-4      8.375258522930347E-5
-0.03157894736842106      -0.06315789473684211     7.198555046735597E-5       1.2082409211738809E-4
-0.021052631578947364     -0.06315789473684211     2.0155178123155954E-5      7.159047985977027E-5
-0.010526315789473682     -0.06315789473684211     0.010250483067720171       -0.0016405162489028392
0                         -0.06315789473684211     2.2517556564589046E-4      0.0028317316500255114
0.01052631578947369       -0.06315789473684211     -0.010146519463501376      -0.0015026806001577995
0.021052631578947364      -0.06315789473684211     -1.892842281800739E-5      7.172016045671717E-5
0.03157894736842107       -0.06315789473684211     -6.962834616215408E-5      1.2081358693062248E-4
0.04210526315789473       -0.06315789473684211     -1.6013637296276566E-4     8.559682709688259E-5
0.05263157894736844       -0.06315789473684211     -1.8323141697245045E-4     2.1856761641896215E-6
0.06315789473684211       -0.06315789473684211     -1.559228548063325E-4      -6.111269123974392E-5
0.0736842105263158        -0.06315789473684211     -1.1185339368767293E-4     -9.635943817221782E-5
0.08421052631578949       -0.06315789473684211     -6.573299546987579E-5      -1.1292415003559764E-4
0.09473684210526317       -0.06315789473684211     -2.1577707030342696E-5     -1.1908278188033479E-4
-0.09473684210526317      -0.05263157894736843     2.3504820093048277E-5      -1.650381553996636E-4
-0.08421052631578949      -0.05263157894736843     7.365363571939772E-5       -1.628041530703737E-4
-0.0736842105263158       -0.05263157894736843     1.3378370921323323E-4      -1.532971469723047E-4
-0.06315789473684211      -0.05263157894736843     2.0896657421702982E-4      -1.1988649936123556E-4
-0.05263157894736843      -0.05263157894736843     2.889564841348103E-4       -2.964589683294129E-5
-0.04210526315789473      -0.05263157894736843     3.030410485082937E-4       1.623851669211165E-4
-0.03157894736842106      -0.05263157894736843     -0.016260592253275682      0.03319355964406944
-0.021052631578947364     -0.05263157894736843     -0.033337788225087435      -0.03984321903293901
-0.010526315789473682     -0.05263157894736843     0.04017471166917355        -0.007702428862856835
0                         -0.05263157894736843     -4.2850538508374064E-4     0.034513643084161265
0.01052631578947369       -0.05263157894736843     -0.03955868844517877       -0.006946304147162876
0.021052631578947364      -0.05263157894736843     0.034019004901958014       -0.03838018044096562
0.03157894736842107       -0.05263157894736843     0.017986482806527516       0.03335520190377199
0.04210526315789473       -0.05263157894736843     -2.9868157476981537E-4     1.6178611821624606E-4
0.05263157894736844       -0.05263157894736843     -2.8951131009591563E-4     -2.904448371463062E-5
0.06315789473684211       -0.05263157894736843     -2.0950082380608015E-4     -1.1986712306270657E-4
0.0736842105263158        -0.05263157894736843     -1.3422875882439537E-4     -1.5283144431274792E-4
0.08421052631578949       -0.05263157894736843     -7.368363297374314E-5      -1.6265947629398952E-4
0.09473684210526317       -0.05263157894736843     -2.3520174815712353E-5     -1.6489071283037614E-4
-0.09473684210526317      -0.04210526315789473     2.2317070276747932E-5      -2.1218208005813338E-4
-0.08421052631578949      -0.04210526315789473     7.167392223924967E-5       -2.1874152935973893E-4
-0.0736842105263158       -0.04210526315789473     1.3938548211323422E-4      -2.294594795376329E-4
-0.06315789473684211      -0.04210526315789473     2.5000137366293167E-4      -2.316555338382504E-4
-0.05263157894736843      -0.04210526315789473     4.32266802526999E-4        -1.7095526597390374E-4
-0.04210526315789473      -0.04210526315789473     0.17832347853061453        -0.07362117310974042
-0.03157894736842106      -0.04210526315789473     0.22918884055464317        0.267668713770146
-0.021052631578947364     -0.04210526315789473     0.22514004669753163        -0.6687639404723219
-0.010526315789473682     -0.04210526315789473     0.2077806322762959         0.03710082505143339
0                         -0.04210526315789473     -0.0012018069774456658     0.16970614879803017
0.01052631578947369       -0.04210526315789473     -0.20618549998810984       0.03716899446849781
0.021052631578947364      -0.04210526315789473     -0.2236040915945055        -0.6629714776799109
0.03157894736842107       -0.04210526315789473     -0.22900820842496378       0.2671700089206001
0.04210526315789473       -0.04210526315789473     -0.1804419538212119        -0.07190953930874801
0.05263157894736844       -0.04210526315789473     -4.338884848740984E-4      -1.7008664057908789E-4
0.06315789473684211       -0.04210526315789473     -2.491096827530086E-4      -2.3242325128993807E-4
0.0736842105263158        -0.04210526315789473     -1.399365870927657E-4      -2.2988473993078992E-4
0.08421052631578949       -0.04210526315789473     -7.174535065508468E-5      -2.1854734699267183E-4
0.09473684210526317       -0.04210526315789473     -2.2283148575476822E-5     -2.1207608842889112E-4
-0.09473684210526317      -0.03157894736842106     1.6822795202826434E-5      -2.5251513509990373E-4
-0.08421052631578949      -0.03157894736842106     5.31047173287152E-5        -2.690120595012928E-4
-0.0736842105263158       -0.03157894736842106     1.0579005039690489E-4      -3.100789179144796E-4
-0.06315789473684211      -0.03157894736842106     2.1286742221631296E-4      -3.9198765988921044E-4
-0.05263157894736843      -0.03157894736842106     0.16444387238064617        -0.24774657035630832
-0.04210526315789473      -0.03157894736842106     0.3080905288141138         -0.21652711084247744
-0.03157894736842106      -0.03157894736842106     0.5813948506685844         -0.1130316991204352
-0.021052631578947364     -0.03157894736842106     0.763872757503572          -0.07050867422567286
-0.010526315789473682     -0.03157894736842106     0.14501642696459505        0.43554372458982726
0                         -0.03157894736842106     -3.684494077510342E-4      0.48396083522427713
0.01052631578947369       -0.03157894736842106     -0.14443114147647185       0.4361902302397196
0.021052631578947364      -0.03157894736842106     -0.7626382852339617        -0.0694304998737787
0.03157894736842107       -0.03157894736842106     -0.5798992784739379        -0.11126481084864825
0.04210526315789473       -0.03157894736842106     -0.30880485512585265       -0.21610733066744336
0.05263157894736844       -0.03157894736842106     -0.16455273733900275       -0.24738081593091116
0.06315789473684211       -0.03157894736842106     -2.1281787542287364E-4     -3.91257857415737E-4
0.0736842105263158        -0.03157894736842106     -1.054414374317776E-4      -3.110453987645932E-4
0.08421052631578949       -0.03157894736842106     -5.331181686615338E-5      -2.6890727938865943E-4
0.09473684210526317       -0.03157894736842106     -1.6725294678439405E-5     -2.523919965876297E-4
-0.09473684210526317      -0.021052631578947364    8.329470361811137E-6       -2.7757652952563604E-4
-0.08421052631578949      -0.021052631578947364    2.255374806627792E-5       -2.9591004095231465E-4
-0.0736842105263158       -0.021052631578947364    2.904453779462978E-5       -3.494124592916066E-4
-0.06315789473684211      -0.021052631578947364    2.9021457119982226E-5      -5.049075068376783E-4
-0.05263157894736843      -0.021052631578947364    0.10551961789673986        -0.3423874968157308
-0.04210526315789473      -0.021052631578947364    0.3096209600885026         -0.4726585798575999
-0.03157894736842106      -0.021052631578947364    0.6964098997947461         -0.4407796912374664
-0.021052631578947364     -0.021052631578947364    0.3679133560089145         0.371358684528869
-0.010526315789473682     -0.021052631578947364    0.2875017858728066         0.5815109019873831
0                         -0.021052631578947364    1.792110640758092E-4       0.7238485778317476
0.01052631578947369       -0.021052631578947364    -0.2856600997496368        0.5820963776323267
0.021052631578947364      -0.021052631578947364    -0.3688490055675897        0.3714618268934853
0.03157894736842107       -0.021052631578947364    -0.6965020884210844        -0.44011059922733686
0.04210526315789473       -0.021052631578947364    -0.3093979386523615        -0.4751385075479817
0.05263157894736844       -0.021052631578947364    -0.10394844084408611       -0.34322203634605963
0.06315789473684211       -0.021052631578947364    -2.9439296981718216E-5     -5.037488060269267E-4
0.0736842105263158        -0.021052631578947364    -2.8461943523812707E-5     -3.4873199058839486E-4
0.08421052631578949       -0.021052631578947364    -2.2830141904265082E-5     -2.955908229285031E-4
0.09473684210526317       -0.021052631578947364    -8.323188313572765E-6      -2.777175331285447E-4
-0.09473684210526317      -0.010526315789473682    2.1072051344208417E-6      -2.866778101549202E-4
-0.08421052631578949      -0.010526315789473682    6.433513895650017E-7       -2.9453012756626895E-4
-0.0736842105263158       -0.010526315789473682    -3.3392111062779126E-5     -3.080534259408866E-4
-0.06315789473684211      -0.010526315789473682    0.012137327477707417       -0.15932758611321676
-0.05263157894736843      -0.010526315789473682    -0.1738461759525125        -0.3406759630174467
-0.04210526315789473      -0.010526315789473682    0.08284346021978961        -0.9413154031832458
-0.03157894736842106      -0.010526315789473682    0.46511542852494614        0.15230934974174026
-0.021052631578947364     -0.010526315789473682    0.5874918565711408         0.3285271926731188
-0.010526315789473682     -0.010526315789473682    0.6877387164692461         0.7081026473274648
0                         -0.010526315789473682    -8.895031812428075E-4      1.3163867600043495
0.01052631578947369       -0.010526315789473682    -0.6848592087021013        0.7100113271798678
0.021052631578947364      -0.010526315789473682    -0.5886270715828701        0.3288841644140188
0.03157894736842107       -0.010526315789473682    -0.46572692009198935       0.1529709071475862
0.04210526315789473       -0.010526315789473682    -0.08329787940086136       -0.9382519155165974
0.05263157894736844       -0.010526315789473682    0.1762049410978992         -0.34473489983999106
0.06315789473684211       -0.010526315789473682    -0.013631977108854493      -0.1590042011962634
0.0736842105263158        -0.010526315789473682    3.0971923631992583E-5      -3.071731628960105E-4
0.08421052631578949       -0.010526315789473682    -7.026790516618999E-7      -2.9446012386340626E-4
0.09473684210526317       -0.010526315789473682    -2.1649899116665556E-6     -2.8679377814155063E-4
-0.09473684210526317      0                        -4.889160531290626E-9      -2.8771783105547633E-4
-0.08421052631578949      0                        -2.0124461186030174E-9     -2.8715603298139333E-4
-0.0736842105263158       0                        3.786110707841312E-7       -2.592635055588988E-4
-0.06315789473684211      0                        8.318086771918287E-4       -0.06557307568058787
-0.05263157894736843      0                        -1.46572568888656E-6       -7.386854381051071E-4
-0.04210526315789473      0                        0.019996705889684385       -1.798629229100483
-0.03157894736842106      0                        -0.7839326492378689        -0.5478506600907309
-0.021052631578947364     0                        -0.8019313905823973        0.22108592113949221
-0.010526315789473682     0                        0.03593130586158044        2.4496094148396494
0                         0                        -0.0076082884419265695     1.5767181620532293
0.01052631578947369       0                        0.05258990163449839        2.460375790484716
0.021052631578947364      0                        0.8023131139004969         0.22194441522141384
0.03157894736842107       0                        0.7858918854144266         -0.5347315091332234
0.04210526315789473       0                        -0.001091891651021193      -1.8096354892002822
0.05263157894736844       0                        7.652947276552691E-7       -7.420429812636103E-4
0.06315789473684211       0                        1.2119468192908756E-4      -0.06707367664254303
0.0736842105263158        0                        -4.058308852806971E-7      -2.619471361824025E-4
0.08421052631578949       0                        2.8357431250728392E-8      -2.8736744895066534E-4
0.09473684210526317       0                        -1.4938546651521087E-8     -2.879696601950794E-4
-0.09473684210526317      0.01052631578947369      -2.1336847705155475E-6     -2.8670010697954076E-4
-0.08421052631578949      0.01052631578947369      -4.944892321909178E-7      -2.9434949730329957E-4
-0.0736842105263158       0.01052631578947369      3.294519565132017E-5       -3.0788695748851973E-4
-0.06315789473684211      0.01052631578947369      -0.013239800680752558      -0.159257241533074
-0.05263157894736843      0.01052631578947369      0.17151524135609408        -0.34115727776882077
-0.04210526315789473      0.01052631578947369      -0.08841125725810928       -0.940721000120678
-0.03157894736842106      0.01052631578947369      -0.46432274252855166       0.15232328382615634
-0.021052631578947364     0.01052631578947369      -0.5877011965677301        0.32935323387150195
-0.010526315789473682     0.01052631578947369      -0.6847101054883291        0.7098129498796197
0                         0.01052631578947369      -3.907751772087159E-4      1.3167468598057777
0.01052631578947369       0.01052631578947369      0.7114262700435536         0.7163107205672661
0.021052631578947364      0.01052631578947369      0.5870378410012194         0.32961157859894746
0.03157894736842107       0.01052631578947369      0.464462503843853          0.15277864891256243
0.04210526315789473       0.01052631578947369      0.07850241068071917        -0.9411551515232155
0.05263157894736844       0.01052631578947369      -0.1663843760020185        -0.34400858505196613
0.06315789473684211       0.01052631578947369      0.013543707330573375       -0.15897118695817497
0.0736842105263158        0.01052631578947369      -3.120149897497832E-5      -3.096924660587145E-4
0.08421052631578949       0.01052631578947369      5.576909375115387E-7       -2.945776926349136E-4
0.09473684210526317       0.01052631578947369      2.1253525200338184E-6      -2.870023693441586E-4
-0.09473684210526317      0.021052631578947364     -8.128059773210403E-6      -2.777017755387426E-4
-0.08421052631578949      0.021052631578947364     -2.2762595952399147E-5     -2.9572038951834485E-4
-0.0736842105263158       0.021052631578947364     -2.8713662021792022E-5     -3.488035704924978E-4
-0.06315789473684211      0.021052631578947364     -3.428182087301468E-5      -5.044457166338803E-4
-0.05263157894736843      0.021052631578947364     -0.10185970795804442       -0.3436163417013629
-0.04210526315789473      0.021052631578947364     -0.3095303806516691        -0.47487491418747946
-0.03157894736842106      0.021052631578947364     -0.6967290475357739        -0.44086107600422864
-0.021052631578947364     0.021052631578947364     -0.3679219031663652        0.37213405397156585
-0.010526315789473682     0.021052631578947364     -0.28714546522436646       0.5865774655415369
0                         0.021052631578947364     2.827998878473653E-4       0.7246418892810829
0.01052631578947369       0.021052631578947364     0.2869210671127105         0.5833187001128963
0.021052631578947364      0.021052631578947364     0.3680190647463313         0.3722524163470998
0.03157894736842107       0.021052631578947364     0.6970004215603519         -0.44097611906005696
0.04210526315789473       0.021052631578947364     0.30483629162991055        -0.4752852358945008
0.05263157894736844       0.021052631578947364     0.10108000082315427        -0.3441801447946601
0.06315789473684211       0.021052631578947364     2.7784800473876626E-5      -5.051013316401617E-4
0.0736842105263158        0.021052631578947364     2.781739469927009E-5       -3.500760528539526E-4
0.08421052631578949       0.021052631578947364     2.280050889503463E-5       -2.959274255131966E-4
0.09473684210526317       0.021052631578947364     8.394659799730803E-6       -2.7781511307486034E-4
-0.09473684210526317      0.03157894736842107      -1.659036652622173E-5      -2.52468183995021E-4
-0.08421052631578949      0.03157894736842107      -5.315760402622993E-5      -2.6910479325708886E-4
-0.0736842105263158       0.03157894736842107      -1.0537572592869538E-4     -3.1037178468438153E-4
-0.06315789473684211      0.03157894736842107      -2.1487934952028464E-4     -3.914281173829446E-4
-0.05263157894736843      0.03157894736842107      -0.16482305165440542       -0.24756025687920774
-0.04210526315789473      0.03157894736842107      -0.30772979870005907       -0.21730896522768817
-0.03157894736842106      0.03157894736842107      -0.5794997397309243        -0.11224789414094877
-0.021052631578947364     0.03157894736842107      -0.7632425873439327        -0.06913428047780668
-0.010526315789473682     0.03157894736842107      -0.14611194064959054       0.4363975399069693
0                         0.03157894736842107      -7.942650207690138E-6      0.48401517426589535
0.01052631578947369       0.03157894736842107      0.1461126290086776         0.4364580280008843
0.021052631578947364      0.03157894736842107      0.763484250317332          -0.06854978585418259
0.03157894736842107       0.03157894736842107      0.5813316765338981         -0.11203186640570784
0.04210526315789473       0.03157894736842107      0.30724616375391195        -0.21621845848536703
0.05263157894736844       0.03157894736842107      0.16534782045994878        -0.2488859312741098
0.06315789473684211       0.03157894736842107      2.1144634716711787E-4      -3.9245581115507594E-4
0.0736842105263158        0.03157894736842107      1.0552465072734783E-4      -3.108429124434054E-4
0.08421052631578949       0.03157894736842107      5.3278658053060204E-5      -2.691320041426495E-4
0.09473684210526317       0.03157894736842107      1.6769963134769775E-5      -2.5277314585841224E-4
-0.09473684210526317      0.04210526315789473      -2.228688723176277E-5      -2.1207960934235568E-4
-0.08421052631578949      0.04210526315789473      -7.178350341126741E-5      -2.1883834448599388E-4
-0.0736842105263158       0.04210526315789473      -1.396350601980986E-4      -2.298870376981712E-4
-0.06315789473684211      0.04210526315789473      -2.4992886213078805E-4     -2.3183782704268844E-4
-0.05263157894736843      0.04210526315789473      -4.3584051789221766E-4     -1.7020067151699882E-4
-0.04210526315789473      0.04210526315789473      -0.17783981863684856       -0.07334010309886958
-0.03157894736842106      0.04210526315789473      -0.22831831221707466       0.26706869197066907
-0.021052631578947364     0.04210526315789473      -0.22041163918898804       -0.6716001028566363
-0.010526315789473682     0.04210526315789473      -0.20554910593117723       0.03838385996978677
0                         0.04210526315789473      2.6803811761582155E-5      0.1726980339830255
0.01052631578947369       0.04210526315789473      0.20654409551436242        0.03663463301557546
0.021052631578947364      0.04210526315789473      0.22583328105962647        -0.6650460287350204
0.03157894736842107       0.04210526315789473      0.22796901609681477        0.26731919056522724
0.04210526315789473       0.04210526315789473      0.17863036261134843        -0.07531354123708234
0.05263157894736844       0.04210526315789473      4.337698685577657E-4       -1.7026369565855215E-4
0.06315789473684211       0.04210526315789473      2.4830055984920055E-4      -2.3267651522768172E-4
0.0736842105263158        0.04210526315789473      1.3966796642736674E-4      -2.300411272596211E-4
0.08421052631578949       0.04210526315789473      7.172534606519237E-5       -2.1919830617821807E-4
0.09473684210526317       0.04210526315789473      2.2380046471268144E-5      -2.123876947537713E-4
-0.09473684210526317      0.05263157894736844      -2.3527947756680557E-5     -1.6497388972673414E-4
-0.08421052631578949      0.05263157894736844      -7.380011865045183E-5      -1.6281251391749387E-4
-0.0736842105263158       0.05263157894736844      -1.3426180810285893E-4     -1.5303144901919192E-4
-0.06315789473684211      0.05263157894736844      -2.0913391878132773E-4     -1.206726619715216E-4
-0.05263157894736843      0.05263157894736844      -2.8898338374996684E-4     -2.985359956096545E-5
-0.04210526315789473      0.05263157894736844      -3.0278385799395924E-4     1.62809744318795E-4
-0.03157894736842106      0.05263157894736844      0.01837362998791616        0.03283453111399524
-0.021052631578947364     0.05263157894736844      0.03424821215310679        -0.0384512349236654
-0.010526315789473682     0.05263157894736844      -0.04009838710116523       -0.0068479877674287315
0                         0.05263157894736844      7.081553397174367E-4       0.035231762160360586
0.01052631578947369       0.05263157894736844      0.03969030632338218        -0.007388169229527557
0.021052631578947364      0.05263157894736844      -0.03326787421826585       -0.04007852110632037
0.03157894736842107       0.05263157894736844      -0.018079823042990394      0.03341281035193456
0.04210526315789473       0.05263157894736844      3.0069103655832544E-4      1.6129990772300673E-4
0.05263157894736844       0.05263157894736844      2.8835434318842597E-4      -2.9097517924814835E-5
0.06315789473684211       0.05263157894736844      2.0871813735693354E-4      -1.2011307414893743E-4
0.0736842105263158        0.05263157894736844      1.3389464263533044E-4      -1.5307960409892483E-4
0.08421052631578949       0.05263157894736844      7.379834430743773E-5       -1.6303388338792304E-4
0.09473684210526317       0.05263157894736844      2.353467529233321E-5       -1.651688906170088E-4
-0.09473684210526317      0.06315789473684211      -2.1508168231146405E-5     -1.1912102854791021E-4
-0.08421052631578949      0.06315789473684211      -6.576715241756184E-5      -1.1297475323292626E-4
-0.0736842105263158       0.06315789473684211      -1.1180578610102252E-4     -9.643311072866927E-5
-0.06315789473684211      0.06315789473684211      -1.5605444141441162E-4     -6.116343621837908E-5
-0.05263157894736843      0.06315789473684211      -1.834351916242769E-4      2.407775992743647E-6
-0.04210526315789473      0.06315789473684211      -1.5955890436041275E-4     8.449852338037885E-5
-0.03157894736842106      0.06315789473684211      -7.135818271231283E-5      1.2079342028991244E-4
-0.021052631578947364     0.06315789473684211      -1.9707409648167262E-5     7.158547572795231E-5
-0.010526315789473682     0.06315789473684211      -0.01006962524310336       -0.0015967516000875083
0                         0.06315789473684211      5.571741641500409E-5       0.002738336788572095
0.01052631578947369       0.06315789473684211      0.010388931157581978       -0.0014841201620711916
0.021052631578947364      0.06315789473684211      2.013804183473348E-5       7.153602509237601E-5
0.03157894736842107       0.06315789473684211      7.040011610719518E-5       1.2065364940312277E-4
0.04210526315789473       0.06315789473684211      1.6076567053155898E-4      8.360892851249605E-5
0.05263157894736844       0.06315789473684211      1.8361832601688035E-4      2.2321641331805864E-6
0.06315789473684211       0.06315789473684211      1.5582599553444487E-4      -6.130111564614961E-5
0.0736842105263158        0.06315789473684211      1.1192435578673693E-4      -9.655485874174313E-5
0.08421052631578949       0.06315789473684211      6.581415913850546E-5       -1.1322639669646107E-4
0.09473684210526317       0.06315789473684211      2.157723147771986E-5       -1.1932153566109144E-4
-0.09473684210526317      0.0736842105263158       -1.8606819073433126E-5     -7.88979042517141E-5
-0.08421052631578949      0.0736842105263158       -5.524588530469272E-5      -7.253165114743423E-5
-0.0736842105263158       0.0736842105263158       -8.927883175923487E-5      -5.812425552947951E-5
-0.06315789473684211      0.0736842105263158       -1.1617491732879206E-4     -3.287387688790156E-5
-0.05263157894736843      0.0736842105263158       -1.2640521203883019E-4     3.8850985530250065E-6
-0.04210526315789473      0.0736842105263158       -1.1079865172148654E-4     4.108479074638524E-5
-0.03157894736842106      0.0736842105263158       -7.383180763245793E-5      5.999348638136442E-5
-0.021052631578947364     0.0736842105263158       -4.1683421119905536E-5     5.633138952053609E-5
-0.010526315789473682     0.0736842105263158       -2.241665382031943E-5      5.359693588641529E-5
0                         0.0736842105263158       8.034565515898852E-8       5.579657143847126E-5
0.01052631578947369       0.0736842105263158       2.2832519099225357E-5      5.344062917276606E-5
0.021052631578947364      0.0736842105263158       4.207276554741977E-5       5.605865395286915E-5
0.03157894736842107       0.0736842105263158       7.426847482088728E-5       5.985263148070614E-5
0.04210526315789473       0.0736842105263158       1.1112841237213313E-4      4.1082426852548164E-5
0.05263157894736844       0.0736842105263158       1.268184435615472E-4       3.4448888865274427E-6
0.06315789473684211       0.0736842105263158       1.1611826705106563E-4      -3.276558511932303E-5
0.0736842105263158        0.0736842105263158       8.95499562909567E-5        -5.8178782518651925E-5
0.08421052631578949       0.0736842105263158       5.531866219617124E-5       -7.276679277713859E-5
0.09473684210526317       0.0736842105263158       1.864822815118077E-5       -7.90078177566433E-5
-0.09473684210526317      0.08421052631578949      -1.600491031806276E-5      -4.457680139113302E-5
-0.08421052631578949      0.08421052631578949      -4.6817104552978914E-5     -4.032085595392675E-5
-0.0736842105263158       0.08421052631578949      -7.34850927410371E-5       -3.116426641188829E-5
-0.06315789473684211      0.08421052631578949      -9.214776340881973E-5      -1.658788105185249E-5
-0.05263157894736843      0.08421052631578949      -9.792863502596572E-5      1.8427853809405215E-6
-0.04210526315789473      0.08421052631578949      -8.846470869110036E-5      1.9411695222141596E-5
-0.03157894736842106      0.08421052631578949      -6.770437342062877E-5      2.9939247532703223E-5
-0.021052631578947364     0.08421052631578949      -4.396543547225648E-5      3.2527541132834535E-5
-0.010526315789473682     0.08421052631578949      -2.1814849405938962E-5     3.263219771198721E-5
0                         0.08421052631578949      1.490647366531496E-7       3.2832545484205535E-5
0.01052631578947369       0.08421052631578949      2.210391684479422E-5       3.261852186598652E-5
0.021052631578947364      0.08421052631578949      4.425836215720354E-5       3.250908500477706E-5
0.03157894736842107       0.08421052631578949      6.797167162504543E-5       2.9863050273153867E-5
0.04210526315789473       0.08421052631578949      8.885956181444545E-5       1.9493574016273734E-5
0.05263157894736844       0.08421052631578949      9.80782828194323E-5        1.7880765804274552E-6
0.06315789473684211       0.08421052631578949      9.228627878807478E-5       -1.6740682919354536E-5
0.0736842105263158        0.08421052631578949      7.368094012019924E-5       -3.121538425029401E-5
0.08421052631578949       0.08421052631578949      4.691580082808624E-5       -4.035660438884387E-5
0.09473684210526317       0.08421052631578949      1.6077337089468354E-5      -4.461811828695279E-5
-0.09473684210526317      0.09473684210526317      -1.4616959358532123E-5     -1.4372814504803765E-5
-0.08421052631578949      0.09473684210526317      -4.239624451094803E-5      -1.2895280111641995E-5
-0.0736842105263158       0.09473684210526317      -6.562048567640826E-5      -9.729582461735955E-6
-0.06315789473684211      0.09473684210526317      -8.112112020499896E-5      -5.153681435327622E-6
-0.05263157894736843      0.09473684210526317      -8.590059409046256E-5      5.842376449279399E-7
-0.04210526315789473      0.09473684210526317      -7.917526894788355E-5      5.788516768139246E-6
-0.03157894736842106      0.09473684210526317      -6.348557304317092E-5      9.147266150938039E-6
-0.021052631578947364     0.09473684210526317      -4.318508272493636E-5      1.055365471411168E-5
-0.010526315789473682     0.09473684210526317      -2.1638278695287322E-5     1.0842029703479345E-5
0                         0.09473684210526317      1.4317421445958284E-7      1.0898509509101193E-5
0.01052631578947369       0.09473684210526317      2.1924030941731435E-5      1.0837156962716643E-5
0.021052631578947364      0.09473684210526317      4.3434981015075047E-5      1.0530844024079464E-5
0.03157894736842107       0.09473684210526317      6.374441084986527E-5       9.125069583833651E-6
0.04210526315789473       0.09473684210526317      7.943832118632131E-5       5.763692517195377E-6
0.05263157894736844       0.09473684210526317      8.600396112656286E-5       4.6207746054489224E-7
0.06315789473684211       0.09473684210526317      8.123519302569263E-5       -5.174906890102523E-6
0.0736842105263158        0.09473684210526317      6.581854527448054E-5       -9.913378270601377E-6
0.08421052631578949       0.09473684210526317      4.2476847707936864E-5      -1.2918116843421481E-5
0.09473684210526317       0.09473684210526317      1.4632101257290298E-5      -1.4395938085519695E-5
